tree
version=v4
num_class=1
num_tree_per_iteration=1
label_index=0
max_feature_idx=10
objective=regression
feature_names=RelSpeed SpinRate spinDir RelHeight RelSide Extension InducedVertBreak HorzBreak delta_velo delta_IVB delta_HB
feature_infos=[54.588679999999997:100.54019] [462.10493110800002:3585.7234450000001] [0.0012129057359800001:359.99055499999997] [0.39185999999999999:7.4323199999999998] [-6.81351:3.7718600000000002] [2.3027618804699999:8.7575900000000004] [-33.647291585799998:28.227609999999999] [-41.554392156200002:32.335363682199997] [-33.255862828175161:3.9021144186046541] [-53.151289347159107:27.922231690140844] [-51.865712052102502:43.563348816568052]
tree_sizes=3023 3038 3045 3028 2960 2976 3011 3009 2996 3019 2993 2973 3029 2973 2941 3024 3052 2999 2972 3000 2920 2932 2945

Tree=0
num_leaves=31
num_cat=0
split_feature=0 1 1 0 8 9 1 5 7 6 5 5 8 7 6 6 6 8 1 0 7 5 9 6 3 3 7 1 9 4
split_gain=9.34389 1.71992 1.53517 1.12993 0.871041 0.864247 1.23698 0.842847 0.837451 1.12844 0.982451 1.22841 0.724147 1.25898 0.791706 0.971882 0.771133 0.748803 0.732844 0.655421 0.981099 0.779293 0.759775 0.755118 0.727362 0.658468 0.643961 0.690054 0.64378 0.624071
threshold=79.55034000000002 2562.6090057500005 2638.6027320000007 77.430545000000009 -8.1360717035030401 -15.235825439393938 2559.1708733600003 6.7695851317500013 6.9001050000000008 9.9375250000000026 6.2079404642300009 6.1213150000000009 -7.671518259627276 -2.8542699999999996 3.6310250000000006 2.3786200000000002 2.9567350000000006 -7.9734582957082827 2314.9446565000003 83.381355000000013 -6.0188799999999993 4.9649450000000011 -16.49433547581658 9.3617400000000028 5.6010950000000008 5.9891250000000005 -9.6472099999999976 2511.5763545000004 -15.453807157166205 -1.4507149999999998
decision_type=2 2 2 2 2 2 2 2 2 2 2 2 2 2 2 2 2 2 2 2 2 2 2 2 2 2 2 2 2 2
left_child=1 3 8 12 5 28 26 -6 19 -10 11 -11 17 14 15 -14 -17 18 -1 25 -21 -22 24 -24 -23 -2 -7 -28 -5 -16
right_child=2 -3 -4 4 7 6 -8 -9 9 10 -12 -13 13 -15 29 16 -18 -19 -20 20 21 22 23 -25 -26 -27 27 -29 -30 -31
leaf_value=-0.0056987184688776964 -0.0066810562950992761 -0.0067258328403509635 -0.0074641465161171304 -0.0062695223483740124 -0.0053643013198726476 -0.0076572541922662893 0.0044033783426511899 0.0047261098371556166 -0.0068776420189687569 -0.0038353921031324557 -0.0070403652063931758 0.0067589915127464935 -0.0025570302025810544 -0.0074235926397141199 -0.007056436767285474 0.011559588774169844 -0.0020445093895526826 -0.009094843427076376 -0.0062304088758040749 -0.0076567352727967136 -0.0080199982931882623 -0.0058594252341518417 -0.00659027885481868 -0.0075417271074237797 -0.0077957088826052148 -0.0070771110079301319 -0.0067323618922242173 -0.0033338917293011432 -0.0036228889772346486 0.00077176920590177073
leaf_weight=16904 27603 13524 15936 12802 1533 2230 23 20 1215 518 252 28 279 224 142 23 20 184 10515 6919 1641 567 13662 2460 3327 16931 4110 154 233 30
leaf_count=16904 27603 13524 15936 12802 1533 2230 23 20 1215 518 252 28 279 224 142 23 20 184 10515 6919 1641 567 13662 2460 3327 16931 4110 154 233 30
internal_value=-0.0066946 -0.0062262 -0.00701842 -0.00608949 -0.00636645 -0.00645702 -0.00692713 -0.00522709 -0.00692386 -0.00591802 -0.00445855 -0.00326849 -0.00588312 -0.00431635 -0.00290877 -0.00144917 0.0054816 -0.00592396 -0.00590259 -0.00695156 -0.00713845 -0.00697283 -0.00688691 -0.0067355 -0.00751363 -0.00683163 -0.00696897 -0.00660886 -0.00622198 -0.00565579
internal_weight=154009 62950 91059 49426 21105 19552 6517 1553 75123 2013 798 546 28321 718 494 322 43 27603 27419 73110 28576 21657 20016 16122 3894 44534 6494 4264 13035 172
internal_count=154009 62950 91059 49426 21105 19552 6517 1553 75123 2013 798 546 28321 718 494 322 43 27603 27419 73110 28576 21657 20016 16122 3894 44534 6494 4264 13035 172
is_linear=0
shrinkage=1


Tree=1
num_leaves=31
num_cat=0
split_feature=0 7 0 10 3 0 7 8 9 0 5 0 9 6 4 3 7 9 4 7 5 6 7 8 3 7 10 8 0 5
split_gain=7.55602 1.29663 1.45092 1.06412 1.0539 1.32408 1.50054 1.08606 0.965295 0.932754 0.926802 0.755547 0.698861 0.675691 0.603603 0.605666 0.719959 0.57784 0.565776 0.555281 0.657751 0.577515 0.542181 0.5404 0.529477 0.667737 0.515598 0.599088 0.865131 0.51266
threshold=79.11561299375002 -8.2834099999999982 77.142335000000017 14.593279952941808 5.9891250000000005 83.381355000000013 -5.7536799999999992 -7.0893950182947369 -34.364789678902625 81.419335000000018 5.3919390988750004 70.81426500000002 3.612906583522173 -0.31784999999999991 -1.8735299999999999 5.8105950000000011 -5.4973849999999986 -17.225274700019209 -2.4171099999999996 -5.6539599999999988 5.5898150000000006 1.0847250000000002 5.1853000000000007 -13.457142840130798 5.8387150000000014 -2.2947849999999996 21.665223733486368 -10.611125861778246 73.012640000000019 6.7695851317500013
decision_type=2 2 2 2 2 2 2 2 2 2 2 2 2 2 2 2 2 2 2 2 2 2 2 2 2 2 2 2 2 2
left_child=1 2 13 4 5 7 -7 -2 -3 -5 22 -10 -9 -1 15 16 23 18 -11 20 -12 24 -8 -13 25 -21 29 28 -28 -16
right_child=3 8 -4 9 -6 6 10 12 11 17 19 14 -14 -15 26 -17 -18 -19 -20 21 -22 -23 -24 -25 -26 -27 27 -29 -30 -31
leaf_value=0.00065875275323071714 3.2832784243359238e-05 -0.00054103620449578473 -0.00018080632362557224 -0.00031530497195334396 -0.00043090102901712537 -0.0010325095234006651 -0.00080975679723087324 0.00092914091293145478 0.0024638609682252947 -0.003524818028723755 0.011263460111196923 0.0001277735819682531 0.009323261691257358 -3.0503270432740359e-05 0.00092591190106926756 -1.4601462149025442e-05 0.00032103967464330044 -0.00082551226944701779 -0.0014392103978261919 0.00053500433628963302 0.0016794905174590117 0.00031030141345500572 0.0019411391371930828 0.0018959433540418629 -0.0025430804055606403 -0.0018876090145231483 0.010878009297250009 0.010519590267333491 -0.00048268070595312704 0.0043872178926701762
leaf_weight=15933 28163 1407 12362 6678 33219 6206 4284 3262 668 420 22 572 24 4577 12210 3951 3351 3592 1444 851 83 7949 186 1768 321 426 21 28 70 107
leaf_count=15933 28163 1407 12362 6678 33219 6206 4284 3262 668 420 22 572 24 4577 12210 3951 3351 3592 1444 851 83 7949 186 1768 321 426 21 28 70 107
internal_value=-5.41155e-06 0.000451442 0.00024706 -0.000273632 -0.000211097 -7.00694e-05 -0.000384555 0.000133214 0.000729583 -0.000711627 -9.97549e-05 0.0008082 0.000993267 0.000504945 0.000757996 0.000461014 0.000791157 -0.00119657 -0.00191078 0.000175901 0.00377488 0.000135928 -0.000694881 0.00146396 -0.000731118 -0.00027401 0.0009882 0.00425095 0.00222876 0.000956335
internal_weight=154155 57025 32872 97130 84996 51777 20328 31449 24153 12134 14122 22746 3286 20510 22078 9642 5691 5456 1864 9652 105 9547 4470 2340 1598 1277 12436 119 91 12317
internal_count=154155 57025 32872 97130 84996 51777 20328 31449 24153 12134 14122 22746 3286 20510 22078 9642 5691 5456 1864 9652 105 9547 4470 2340 1598 1277 12436 119 91 12317
is_linear=0
shrinkage=0.05


Tree=2
num_leaves=31
num_cat=0
split_feature=0 1 1 0 4 3 0 9 10 8 5 9 8 9 9 0 3 8 10 9 10 7 5 9 8 3 4 1 9 0
split_gain=8.0694 1.82743 1.30967 1.1447 0.791746 1.05495 0.776297 0.900345 0.734197 0.715614 0.711834 0.699807 0.688978 0.67585 0.611033 0.5903 0.788618 0.702517 0.663381 0.901726 0.586339 0.579689 0.698351 0.610538 0.609382 0.572086 0.569861 0.602458 0.552528 0.547767
threshold=79.799975000000003 2584.2124345000007 2621.4612570000004 77.322925000000012 -0.65183006753649986 6.5432850000000009 79.758605000000017 -15.814230659348327 14.593279952941808 -8.1360717035030401 6.7695851317500013 -16.101490925782592 -12.393884504203426 -30.202723137507004 -15.235825439393938 83.381355000000013 5.9798650000000011 -9.0243919084292425 -10.611147907307853 -16.566936677988725 29.378398196310716 -2.9704499999999996 4.6673500000000017 -10.127910478131257 -12.263342190496635 4.3506700000000009 -1.3389299999999997 2698.2078235000004 -15.741188190789472 82.089460000000017
decision_type=2 2 2 2 2 2 2 2 2 2 2 2 2 2 2 2 2 2 2 2 2 2 2 2 2 2 2 2 2 2
left_child=1 3 8 11 9 -6 -3 26 15 14 -11 13 -13 -1 -5 16 -2 -18 -17 -20 -10 22 23 -14 -23 -21 27 -8 -22 -19
right_child=2 6 -4 4 5 -7 7 -9 20 10 -12 12 21 -15 -16 18 17 29 19 25 28 24 -24 -25 -26 -27 -28 -29 -30 -31
leaf_value=0.00032444988988969241 0.00015684260356650984 -0.00016685577199191922 -0.00071798724485326007 0.00034449712304619815 0.0021695681159606913 -0.0022287358167357271 0.0095613922104881774 -0.001843381863163442 -0.00073472086315282787 0.0010957827222919723 0.010150844594252043 -5.8293983594590778e-05 0.00085490468967085089 0.0010812964993465516 -0.00020354738543643003 -0.00053274493481190544 -0.00059729045456631774 0.00066058098100761837 -0.001070725811949494 0.0080609962992046185 0.00016169506984834488 0.0067279945398049977 0.0012798957317060756 -0.0032928112955718232 -0.0003773509521893239 0.00016459424649613622 0.013443492498734725 -6.2048891069073426e-05 0.0076553661213256425 -0.00036577768358573258
leaf_weight=3669 21283 12736 16824 14966 1000 157 28 48 7702 1716 21 4339 194 15067 7703 17288 8836 2538 1714 22 64 30 3701 162 1135 8492 22 37 39 2663
leaf_count=3669 21283 12736 16824 14966 1000 157 28 48 7702 1716 21 4339 194 15067 7703 17288 8836 2538 1714 22 64 30 3701 162 1135 8492 22 37 39 2663
internal_value=-5.60433e-06 0.000408494 -0.00032154 0.000536401 0.000293864 0.00157133 -0.000126744 0.00363086 -0.000227113 0.000233242 0.00121103 0.000755487 0.000407347 0.000933111 0.000158269 -0.000170295 -3.50283e-05 -0.000325935 -0.000343919 -2.47329e-05 -0.000684452 0.000794189 0.00107643 -0.00103648 -0.000188767 0.000185943 0.00663776 0.00416549 0.00304543 0.000135099
internal_weight=154196 66731 87465 53860 25563 1157 12871 135 70641 24406 1737 28297 9561 18736 22669 62836 35320 14037 27516 10228 7805 5222 4057 356 1165 8514 87 65 103 5201
internal_count=154196 66731 87465 53860 25563 1157 12871 135 70641 24406 1737 28297 9561 18736 22669 62836 35320 14037 27516 10228 7805 5222 4057 356 1165 8514 87 65 103 5201
is_linear=0
shrinkage=0.05


Tree=3
num_leaves=31
num_cat=0
split_feature=0 1 0 1 6 2 0 10 9 10 9 0 2 6 6 1 9 3 1 3 3 2 5 3 4 2 4 2 0 0
split_gain=7.05926 1.9951 1.05028 0.909172 0.763677 0.72134 0.883807 0.717016 0.714213 0.797657 0.75012 0.701896 0.633264 0.619624 0.861448 0.795078 0.582408 0.974008 0.684421 0.542752 0.687468 0.541351 0.590868 0.569254 0.524302 0.783251 0.870522 0.955375 0.649564 0.944384
threshold=77.430545000000009 2466.5402055000004 82.704915000000014 2548.0052294350003 0.96214500000000014 80.290309000000022 83.603253273750013 20.994445698259852 -16.200093242666863 22.396885423137189 -33.763221388184064 68.030055000000019 82.300656633350016 -0.12443200786849999 0.13018000000000005 2183.7068475000001 -16.274345721313018 5.8197592108500009 2281.4859520000005 5.8922800000000004 5.0025350000000008 82.981525676900006 6.1564150000000009 5.0519000000000007 -1.9992048371699997 297.12234327800007 -2.2284049999999995 281.55745150000001 78.951100381350017 78.544890000000024
decision_type=2 2 2 2 2 2 2 2 2 2 2 2 2 2 2 2 2 2 2 2 2 2 2 2 2 2 2 2 2 2
left_child=3 5 7 8 12 6 -2 19 10 11 -1 -10 -4 21 24 -16 -12 18 -18 20 -3 -7 -23 -24 25 26 -15 -28 29 -26
right_child=1 2 4 -5 -6 13 -8 -9 9 -11 16 -13 -14 14 15 -17 17 -19 -20 -21 -22 22 23 -25 28 -27 27 -29 -30 -31
leaf_value=-8.3295310113648243e-05 0.00035565796938353145 -0.0009561683186797296 -0.00081783397061095653 0.00014278291621422121 -0.00045821316212473406 -0.0021430626912616883 -0.00065018187846472295 -0.00098182585487088 0.0034329560574490668 -0.000593134023241165 0.0010234651631365855 0.00053973437664974291 -0.0018036741944365592 0.00028681721976128125 0.00025669961928608025 -0.0002127926246853555 0.0041738080408643278 -0.00092524994316315928 0.015325442306697369 -0.00042409726048687454 0.0001883053027528968 -0.00047175720524593321 0.0088546207579581638 0.00083122309532949437 0.0002732441429263697 0.0096767993848316559 0.0099539944775781392 -0.0013556201160619301 -0.00041962083932226419 0.011236575356451796
leaf_weight=1614 17770 1476 5516 7848 10609 453 2489 2919 214 1632 15997 8461 2313 183 13308 27966 33 42 24 10251 11755 9964 22 582 51 40 58 27 347 31
leaf_count=1614 17770 1476 5516 7848 10609 453 2489 2919 214 1632 15997 8461 2313 183 13308 27966 33 42 24 10251 11755 9964 22 582 51 40 58 27 347 31
internal_value=4.08097e-06 -0.000182451 -0.000445153 0.000618457 -0.000734711 -2.17276e-05 0.000232056 -0.00024291 0.00075169 0.000420715 0.000944279 0.000611494 -0.00110928 -0.000118679 -3.11376e-05 -6.14114e-05 0.00104732 0.0048526 0.00905251 -0.000151019 6.05696e-05 -0.000452345 -0.000379677 0.00113762 0.00166206 0.00323253 0.0022383 0.00638754 0.000529654 0.00450336
internal_weight=153995 118130 44839 35865 18438 73291 20259 26401 28017 10307 17710 8675 7829 53032 42011 41274 16096 99 57 23482 13231 11021 10568 604 737 308 268 85 429 82
internal_count=153995 118130 44839 35865 18438 73291 20259 26401 28017 10307 17710 8675 7829 53032 42011 41274 16096 99 57 23482 13231 11021 10568 604 737 308 268 85 429 82
is_linear=0
shrinkage=0.05


Tree=4
num_leaves=31
num_cat=0
split_feature=0 2 1 8 2 4 4 9 9 1 2 0 10 2 4 9 3 8 0 0 7 7 7 1 9 2 0 0 7 7
split_gain=7.37086 1.31829 1.25963 1.17215 1.2664 1.32592 2.64835 1.10533 2.0717 0.995322 1.01445 0.887078 0.89865 1.03361 0.877161 0.836713 0.812898 0.798971 0.947408 0.717651 0.670308 0.625637 0.595523 0.585457 0.570024 1.32132 0.999885 0.637588 0.678737 1.15322
threshold=79.55034000000002 283.02340837800006 2548.0052294350003 -7.5814023062009559 108.70313950000001 -3.0575799999999993 -4.1538799999999991 -18.15129894631038 -19.108422726004331 2642.4190220000005 113.60598150000001 76.246032917500017 22.008204321907606 295.80425400000007 -1.5401449999999997 -19.78804182067487 5.4962650000000011 -16.619932891043053 72.00719500000001 82.000045000000014 -7.4206899999999996 -13.699560394149998 0.75742000000000009 1990.7117177150003 -17.682280097527475 299.76231700000005 74.156765583300015 75.27521044060002 -11.982398716299999 -12.903236658149998
decision_type=2 2 2 2 2 2 2 2 2 2 2 2 2 2 2 2 2 2 2 2 2 2 2 2 2 2 2 2 2 2
left_child=2 9 3 11 5 6 -5 8 -6 -2 -11 12 14 -14 22 -12 -15 -16 -19 23 -18 -7 -1 -3 -20 27 -27 28 29 -26
right_child=1 19 -4 4 7 21 -8 -9 -10 10 15 -13 13 16 17 -17 20 18 24 -21 -22 -23 -24 -25 25 26 -28 -29 -30 -31
leaf_value=0.00071133810955548388 -0.00012263376070540254 0.0015324753565442708 3.1807015030894385e-05 0.0004828957816714357 0.00068221960630681787 -0.0035124336057753471 0.022447694015378755 0.00057655606453657995 0.018960866572645806 -0.00032818399631852075 0.0064037527489875044 0.0003397635451144445 -0.00078063779243962655 0.0025634298920552928 0.00042175047859672955 -0.0013668097268171823 -0.0001059153413396245 0.0035463500133468859 0.0010965151367944839 -0.0014375623748562284 0.0064977453416213389 0.0035557164458761893 -0.0016101453639566898 -0.00063035890092982708 0.003576619273455468 0.0034650887322166695 0.014664746498739398 0.00043499042837662097 0.0019846400215962454 0.01439534666533291
leaf_weight=9082 68603 334 14386 28 44 33 26 1116 23 10137 34 28071 1785 533 1526 3681 977 628 2902 3270 39 426 284 4751 112 45 36 404 394 31
leaf_count=9082 68603 334 14386 28 44 33 26 1116 23 10137 34 28071 1785 533 1526 3681 977 628 2902 3270 39 426 284 4751 112 45 36 404 394 31
internal_value=2.68567e-05 -0.000261346 0.000442734 0.000564506 0.00185547 0.00392794 0.0112744 0.000954201 0.00714354 -0.000200698 -0.00058728 0.000517732 0.000783744 3.92735e-05 0.000944445 -0.00129399 0.000983998 0.0014122 0.00174407 -0.000859784 0.000153712 0.00304102 0.000640781 -0.000488023 0.0014548 0.00247009 0.00856085 0.00193727 0.00306458 0.00600562
internal_weight=153741 90810 62931 48545 1696 513 54 1183 67 82455 13852 46849 18778 3334 15444 3715 1549 6078 4552 8355 1016 459 9366 5085 3924 1022 81 941 537 143
internal_count=153741 90810 62931 48545 1696 513 54 1183 67 82455 13852 46849 18778 3334 15444 3715 1549 6078 4552 8355 1016 459 9366 5085 3924 1022 81 941 537 143
is_linear=0
shrinkage=0.05


Tree=5
num_leaves=31
num_cat=0
split_feature=1 2 8 1 1 6 7 8 4 3 8 8 2 1 5 4 4 3 6 5 5 8 7 8 1 4 6 9 4 2
split_gain=2.99318 1.38366 1.07829 1.073 0.913484 0.597719 0.797854 0.576143 0.663557 1.22973 0.638473 0.73187 0.602534 0.599737 0.644201 0.605027 0.767913 0.884915 0.761063 0.596678 0.689813 0.604198 0.571596 0.563446 0.809301 0.738935 0.587306 0.559025 0.622777 0.818092
threshold=2389.8923620000005 78.378143000000009 -11.782920777862598 2580.9866130000005 1950.7087865000003 0.8341900000000001 -0.43857999999999991 -11.29787937509222 -2.8845049999999994 4.5982082854550006 -6.3437756311775351 -6.9352728517366549 208.79835350000005 1688.1392510000003 6.2349883974450009 -1.4284277697849999 -1.5257671041149998 5.6217650000000008 2.8271100000000007 5.3610250000000006 5.9106850000000009 -10.229900150850517 -8.7938999999999989 -10.546232488170146 2638.6027320000007 -0.7966862431659999 5.628210000000001 -16.274345721313018 -1.2059885042449998 302.33720450000004
decision_type=2 2 2 2 2 2 2 2 2 2 2 2 2 2 2 2 2 2 2 2 2 2 2 2 2 2 2 2 2 2
left_child=2 3 27 5 7 -2 -7 -4 9 -9 11 19 13 -10 15 16 -15 -18 -19 -11 21 -21 -16 26 25 -25 -3 -1 -29 -30
right_child=1 23 4 -5 -6 6 -8 8 12 10 -12 -13 -14 14 22 -17 17 18 -20 20 -22 -23 -24 24 -26 -27 -28 28 29 -31
leaf_value=0.00061310360113988444 0.00034618137349987348 -5.8085500223478772e-05 -0.00091453684284633512 -0.00024708220667342596 1.864580006283978e-06 0.012670279685002957 9.8507742172685163e-05 0.010054149603306809 -0.00049126703986299592 -0.002875046774067662 -0.0034546276581857134 0.01001902892254293 0.0014905009837886058 0.0015109547809764466 0.0071445435529486059 -8.8997065228082852e-05 0.014456285159879676 -0.00039316855517088203 0.0094741539593087513 0.012191994326810042 0.00050399262782024304 0.0031895790062680014 -0.0013170749009117778 -0.00044649823506806661 -0.00095136213825379825 0.00085621995460387302 -0.0011279389970699613 -1.722329729827861e-05 0.0011227169711826004 0.01110848311689638
leaf_weight=18647 12896 13105 531 15722 48477 22 28 50 1426 54 50 29 1523 1045 20 554 23 50 31 29 114 52 406 19215 8592 1153 1421 7816 914 20
leaf_count=18647 12896 13105 531 15722 48477 22 28 50 1426 54 50 29 1523 1045 20 554 23 50 31 29 114 52 406 19215 8592 1153 1421 7816 914 20
internal_value=-4.39985e-06 -0.000239179 0.00020254 3.04894e-05 7.38319e-05 0.000367574 0.00577006 0.000656456 0.000809491 0.00282793 0.00169916 0.00263516 0.000658714 0.000302049 0.000833391 0.00126827 0.0019222 0.00600069 0.0034527 0.00173856 0.00302432 0.00652204 -0.000904014 -0.000416954 -0.000544418 -0.000372715 -0.000162814 0.000458394 0.000128663 0.0013482
internal_weight=154015 72154 81861 28668 54464 12946 50 5987 5456 378 328 278 5078 3555 2129 1703 1149 104 81 249 195 81 426 43486 28960 20368 14526 27397 8750 934
internal_count=154015 72154 81861 28668 54464 12946 50 5987 5456 378 328 278 5078 3555 2129 1703 1149 104 81 249 195 81 426 43486 28960 20368 14526 27397 8750 934
is_linear=0
shrinkage=0.05


Tree=6
num_leaves=31
num_cat=0
split_feature=0 2 1 2 8 8 4 5 0 1 1 5 9 0 8 4 5 9 0 10 6 8 10 9 2 1 4 9 0 4
split_gain=5.90674 1.64508 1.48337 1.27783 0.775352 1.15279 0.900426 1.49572 0.694558 0.636528 0.613088 0.976638 0.602101 0.58053 0.60346 0.874035 0.848762 0.608263 0.621304 0.574216 0.551887 1.22641 0.544977 0.558418 0.538256 0.532772 0.524535 0.518564 0.63512 0.539313
threshold=79.508129546250004 246.04672700000003 2587.6185995000005 93.684181500000008 -12.350001097011392 -12.307625009959954 -1.4816801141649998 5.5016450000000008 76.246032917500017 2649.8507330000007 2506.0159030000004 5.5219150000000008 -13.270708614523068 70.181694301200011 -7.1923949391472197 -2.4171099999999996 6.4932050000000006 -11.098306623364957 79.245680000000007 26.165141447374527 2.3786200000000002 -9.7565457512096838 -11.330396566214352 -4.2544559831565794 87.881024000000011 3120.6320200000005 -2.3043866712949996 -10.330437381614026 77.649845000000013 -1.7707549999999996
decision_type=2 2 2 2 2 2 2 2 2 2 2 2 2 2 2 2 2 2 2 2 2 2 2 2 2 2 2 2 2 2
left_child=2 9 3 4 8 6 -6 -8 -1 -2 12 22 -3 -5 17 -16 27 -15 -19 25 26 -22 -12 -24 -10 -4 -7 29 -29 -17
right_child=1 10 19 13 5 20 7 -9 24 -11 11 -13 -14 14 15 16 -18 18 -20 -21 21 -23 23 -25 -26 -27 -28 28 -30 -31
leaf_value=0.00089337464806999974 -0.00011395532965395842 -0.00071558302159107322 -0.00026944990098042395 0.0013639046696781666 0.002339808120796945 0.00027797155979505191 0.018729387750084113 0.0021458011752526675 0.00030415555941228268 -0.00050489898098905349 -0.0039175849986232579 -0.0020990532034006093 0.00030499302611224522 0.00029325071680061761 0.0044072480794650854 -0.00081657218717737137 0.0105759640800811 -0.0001354824388336909 -0.0020461511329498169 0.0012663787474588521 -0.00012671681251958945 0.015518695883275497 -0.00039363209716454604 -0.0037180517983594627 -0.0016052893049698131 0.0025760366299752884 0.0012291522047601492 -0.003437626637883353 0.00080288215948630707 0.003080528461613853
leaf_weight=7022 64782 7421 11020 1112 83 1858 27 27 7571 12405 123 1897 1794 18766 195 139 20 5828 458 682 31 20 2948 131 387 166 6601 151 210 243
leaf_count=7022 64782 7421 11020 1112 83 1858 27 27 7571 12405 123 1897 1794 18766 195 139 20 5828 458 682 31 20 2948 131 387 166 6601 151 210 243
internal_value=-1.20299e-05 -0.000268094 0.00036215 0.000479834 0.000748641 0.00112564 0.00565978 0.0106274 0.000530965 -0.000176791 -0.00076039 -0.00120027 -0.000516883 0.000245647 0.000197788 0.00142871 0.000662713 0.000150662 -0.000274998 -0.000141079 0.00105199 0.00618919 -0.000667307 -0.000536235 0.000211109 -0.000226996 0.00102029 0.000382013 -0.000975445 0.00166404
internal_weight=154118 91501 62617 50749 23627 8647 137 54 14980 77187 14314 5099 9215 27122 26010 958 763 25052 6286 11868 8510 51 3202 3079 7958 11186 8459 743 361 382
internal_count=154118 91501 62617 50749 23627 8647 137 54 14980 77187 14314 5099 9215 27122 26010 958 763 25052 6286 11868 8510 51 3202 3079 7958 11186 8459 743 361 382
is_linear=0
shrinkage=0.05


Tree=7
num_leaves=31
num_cat=0
split_feature=1 6 1 6 5 2 6 3 4 7 7 6 4 5 9 6 1 10 3 6 6 5 4 1 1 6 1 9 10 6
split_gain=2.63066 1.16876 0.835828 0.794774 0.685817 0.600275 0.727061 0.636287 0.551805 0.635191 0.511742 0.522998 0.517053 0.618402 0.639322 0.652909 0.59157 0.805204 0.694714 0.602279 0.569592 0.980259 1.18458 0.634073 0.581091 0.570462 0.551202 0.560218 0.522913 0.521738
threshold=2374.9356400000001 -0.56304999999999994 2587.6185995000005 3.9770100000000004 6.8641118380900012 58.465719234450006 -0.89442999999999995 4.9768450000000009 -1.5612587044999999 -3.3122849999999997 -12.695402143249998 3.9077000000000006 -1.9169499999999997 6.7695851317500013 -14.416453553925738 -14.107899999999999 2183.7068475000001 23.191290576671037 6.3882700000000012 -14.107899999999999 3.3599800000000006 6.4161710871050008 -1.8735299999999999 2018.1802325000003 2214.3850990050005 2.8919100000000006 2326.8957487650005 -17.303290727032429 23.61610820510472 -1.4951599999999996
decision_type=2 2 2 2 2 2 2 2 2 2 2 2 2 2 2 2 2 2 2 2 2 2 2 2 2 2 2 2 2 2
left_child=3 2 5 10 -3 -2 -7 -8 9 -6 -1 12 16 14 15 -14 18 -18 28 -20 25 22 -22 -24 -25 -17 27 -26 -12 -19
right_child=1 4 -4 -5 8 6 7 -9 -10 -11 11 -13 13 -15 -16 20 17 29 19 -21 21 -23 23 24 26 -27 -28 -29 -30 -31
leaf_value=0.00067709294394059888 0.00051413947577246758 -0.0004338062781477228 -0.00026025209756115294 -8.0908363661162956e-05 -0.00018755535636427663 -0.00013197237039451666 0.0073093171764793269 0.0010640082536926378 0.0082999294313291713 0.0067482001236861657 0.00049585983552543299 0.0023144832326409716 -0.0005961341232454437 0.0030031420354101682 -0.00016156818675412145 0.00053222833866432286 -0.00032086134882245186 0.0038231574774242293 0.0059915330693391822 -0.0014927121176413452 0.0118942611678331 0.012531298765150661 0.0066632334294769438 -0.0024525332501313338 0.008557387838372961 -0.0011381521040706763 -0.0013154847196990042 0.0018475869760431092 -0.0012581372723498095 -0.00017622288682364994
leaf_weight=7516 8449 37565 20535 19040 154 11799 42 809 32 41 9016 299 1373 219 5120 19477 9877 196 27 688 26 21 45 119 39 524 98 144 445 139
leaf_count=7516 8449 37565 20535 19040 154 11799 42 809 32 41 9016 299 1373 219 5120 19477 9877 196 27 688 26 21 45 119 39 524 98 144 445 139
internal_value=-1.57599e-05 -0.000215913 -3.31737e-05 0.000197776 -0.000417223 0.000187837 -3.01262e-05 0.00138045 0.00231689 0.00129772 0.000293541 0.000233335 0.000220212 0.000362877 0.00034134 0.000459099 2.9837e-05 -0.000239007 0.000299629 -0.00120212 0.000529824 0.00220893 0.00172312 0.00110351 0.000462989 0.000488412 0.001702 0.00331628 0.000413236 0.00216813
internal_weight=153874 79426 41634 74448 37792 21099 12650 851 227 195 55408 47892 47593 27205 26986 21866 20388 10212 10176 715 20493 492 471 445 400 20001 281 183 9461 335
internal_count=153874 79426 41634 74448 37792 21099 12650 851 227 195 55408 47892 47593 27205 26986 21866 20388 10212 10176 715 20493 492 471 445 400 20001 281 183 9461 335
is_linear=0
shrinkage=0.05


Tree=8
num_leaves=31
num_cat=0
split_feature=0 1 1 8 6 0 9 5 0 3 9 7 0 7 9 7 5 9 8 8 1 0 8 3 3 5 7 0 3 4
split_gain=5.84381 1.03587 0.931749 0.740666 1.1281 1.16894 1.04594 0.783573 0.716502 0.683979 0.63597 0.610383 0.630836 0.688317 1.13469 0.616268 0.655198 0.688914 0.583558 0.554399 0.685851 0.551673 0.776138 0.683054 0.978912 1.0101 0.84865 0.84512 0.937595 1.02986
threshold=78.906715000000005 2584.2124345000007 2599.5406895000006 -7.5814023062009559 2.8919100000000006 71.282508662200016 -9.4832247852076339 5.8089250000000012 78.352230000000006 4.9486550000000014 -11.098306623364957 -9.1672703790899988 80.69307000000002 3.3997497051150005 -12.629812922352512 -6.5387686133599994 4.585255000000001 -24.042902897973416 -14.874144865002497 -12.221276718346813 2584.2124345000007 87.08929000000002 -9.0243919084292425 5.5593750000000002 5.4505850000000011 4.7982450000000005 -6.2323009620249996 85.569133787450014 5.471515000000001 -1.9389949999999998
decision_type=2 2 2 2 2 2 2 2 2 2 2 2 2 2 2 2 2 2 2 2 2 2 2 2 2 2 2 2 2 2
left_child=1 3 11 10 5 -5 9 -6 -9 -7 -1 19 15 21 -15 16 17 -13 -17 -2 -21 22 -14 24 -24 -26 -27 -28 29 -29
right_child=2 -3 -4 4 7 6 -8 8 -10 -11 -12 12 13 14 -16 18 -18 -19 -20 20 -22 -23 23 -25 25 26 27 28 -30 -31
leaf_value=0.0005702457175692418 0.00014240200636236731 -3.6518622035128591e-05 -0.00052799689954480375 0.011442086227739659 -0.0010006646931783921 0.012536150999810725 -0.00080273146519506226 0.0013049661797487129 0.0095659118583973721 0.0032853747669905199 4.4042600934538638e-05 0.011270673289606029 -0.00042650581340916569 -0.0016928736793635881 0.0009865699443327026 0.0030145426699598821 0.0006407726942178199 0.0020051362020347047 -3.7013285184076833e-05 -0.00070416894369179433 0.0013525921257112896 -0.00071520742484029731 6.5437253719504476e-05 -0.00011540087191355215 -0.0034887116084436095 -0.00088031439779278568 0.0016363860497767551 0.019442054815590384 0.0035102035121847134 0.0040606241701170807
leaf_weight=35480 3030 10280 20891 38 439 20 175 117 33 490 6851 28 16615 468 2509 158 3728 67 10683 10315 421 5004 3480 20691 92 233 926 20 275 24
leaf_count=35480 3030 10280 20891 38 439 20 175 117 33 490 6851 28 16615 468 2509 158 3728 67 10683 10315 421 5004 3480 20691 92 233 926 20 275 24
internal_value=-4.27e-06 0.000415019 -0.000231141 0.000521376 0.00169099 0.0030129 0.0025293 6.59908e-05 0.00317369 0.00367197 0.000485086 -0.000152402 -8.83447e-05 -0.000172416 0.00056492 0.000200239 0.000745983 0.00482499 7.73495e-06 -0.000454841 -0.000623397 -0.000218775 -0.000160111 1.18489e-05 0.00053314 0.00156913 0.00188611 0.00240413 0.00462067 0.0113289
internal_weight=153581 53923 99658 43643 1312 723 685 589 150 510 42331 78767 65001 50337 2977 14664 3823 95 10841 13766 10736 47360 42356 25741 5050 1570 1478 1245 319 44
internal_count=153581 53923 99658 43643 1312 723 685 589 150 510 42331 78767 65001 50337 2977 14664 3823 95 10841 13766 10736 47360 42356 25741 5050 1570 1478 1245 319 44
is_linear=0
shrinkage=0.05


Tree=9
num_leaves=31
num_cat=0
split_feature=0 2 1 2 0 1 5 0 6 6 3 2 5 0 9 3 2 9 3 9 2 6 0 1 8 6 8 9 3 7
split_gain=4.26468 1.0195 0.918345 1.05225 0.798054 0.786428 0.656477 0.721883 0.648577 0.634844 0.634165 0.595141 0.593412 1.1136 0.710383 0.668525 0.589152 0.575863 0.777996 0.552332 0.538808 1.00344 0.794689 0.666524 0.853938 0.537917 0.870385 0.861972 0.884004 0.584083
threshold=79.55034000000002 246.04672700000003 2540.0974255000006 80.953596054000016 70.181694301200011 2506.0159030000004 5.5631815608850008 80.249620000000007 -11.538056019149998 -6.8012459591249987 5.6467550000000006 313.53352050000007 5.7494282338800007 87.08929000000002 -9.2509733147457904 6.0747150000000003 92.937167500000001 -10.915165925344485 5.6706450000000013 -7.7719747007595847 124.12515144700002 1.7580900000000004 85.569133787450014 2423.2746673250003 -8.7819502640134228 3.7007700000000003 -7.5814023062009559 -9.3670046867379906 5.0519000000000007 -4.2767499999999989
decision_type=2 2 2 2 2 2 2 2 2 2 2 2 2 2 2 2 2 2 2 2 2 2 2 2 2 2 2 2 2 2
left_child=2 12 3 -1 16 8 7 9 -3 10 11 -7 13 14 15 20 -5 -15 -19 -16 -2 23 -23 24 -22 26 -6 28 -28 -30
right_child=1 5 -4 4 25 6 -8 -9 -10 -11 -12 -13 -14 17 19 -17 -18 18 -20 -21 21 22 -24 -25 -26 -27 27 -29 29 -31
leaf_value=0.00071884542236625576 -1.0112990116581822e-05 -0.0038669971331191343 -1.7447948907182929e-05 0.0063633561316722397 0.00024820545298095579 0.0026991952332623657 -0.0018708712117665488 -0.0010262918502627551 -0.00026875236288991715 -3.2895260530533971e-05 0.0016774945054638471 0.014916767432753528 6.4357991483997558e-05 -0.0016550885713317272 -0.0011844135040118859 -0.00034828386805878871 0.0012691610113987417 -0.0015415836472141172 0.00016316103616677974 -0.00030536813081983102 0.0031118089776663556 0.00017000883646147864 0.0020665622358726279 4.2848138643118247e-05 0.017737852617920862 -0.00022736642481765331 0.010307926298701205 -0.00078937927884517817 0.00099505197330340667 0.0046442735794392466
leaf_weight=19267 21319 126 14827 59 21100 20 1770 2745 9043 464 106 20 24934 1851 2589 13829 1081 1113 1676 5767 20 2836 685 23 20 6067 39 190 261 189
leaf_count=19267 21319 126 14827 59 21100 20 1770 2745 9043 464 106 20 24934 1851 2589 13829 1081 1113 1676 5767 20 2836 685 23 20 6067 39 190 261 189
internal_value=1.08003e-05 -0.000208294 0.000326713 0.000432464 0.000242088 -0.000595949 -0.00109196 -0.000680592 -0.000318616 0.000874191 0.0037376 0.00902281 -0.000136007 -0.000232586 -0.000159751 -6.95409e-05 0.00153815 -0.000971542 -0.000517456 -0.000577838 8.52569e-05 0.000652398 0.00053946 0.00685736 0.0106791 0.000188975 0.000304961 0.00206568 0.00317435 0.00253462
internal_weight=154036 90956 63080 48253 28986 14294 5125 3355 9169 610 146 40 76662 51728 47088 38732 1140 4640 2789 8356 24903 3584 3521 63 40 27846 21779 679 489 450
internal_count=154036 90956 63080 48253 28986 14294 5125 3355 9169 610 146 40 76662 51728 47088 38732 1140 4640 2789 8356 24903 3584 3521 63 40 27846 21779 679 489 450
is_linear=0
shrinkage=0.05


Tree=10
num_leaves=31
num_cat=0
split_feature=0 2 8 2 0 6 9 5 7 0 8 5 8 5 7 0 8 0 0 4 10 5 6 9 0 8 9 6 10 2
split_gain=4.6326 0.938987 0.928206 1.16079 0.734189 0.890648 0.682528 0.823021 0.667925 0.653362 0.614738 0.921508 0.852892 0.735083 0.61251 0.6028 0.536323 0.536014 0.684437 0.815994 0.741096 1.10012 0.525585 0.6244 0.585117 0.669442 0.82345 0.793076 1.26237 0.640476
threshold=79.508129546250004 251.37852800000005 -12.484658195046441 62.919336000000008 77.430545000000009 -2.6227228400749998 -19.026819672519117 5.3349400000000005 -9.3246191400299967 81.917270000000016 -11.260989385598661 5.7557400000000003 -9.596433994567894 5.8370240768400015 -4.6299399999999986 77.486020000000011 -12.393884504203426 77.026130492000007 77.142335000000017 -1.8009590675299998 -13.682118374875163 5.3247550000000006 0.8341900000000001 -33.22875812546598 74.542170000000013 -18.765509435443928 -16.200093242666863 -1.3601799999999999 -22.751411654804063 28.123038500000003
decision_type=2 2 2 2 2 2 2 2 2 2 2 2 2 2 2 2 2 2 2 2 2 2 2 2 2 2 2 2 2 2
left_child=2 8 22 10 -5 -6 7 -7 -2 -3 15 -12 14 -14 -13 17 -8 -4 19 -19 -20 -22 23 -1 25 -25 27 29 -29 -27
right_child=1 9 3 4 5 6 16 -9 -10 -11 11 12 13 -15 -16 -17 -18 18 20 -21 21 -23 -24 24 -26 26 -28 28 -30 -31
leaf_value=-0.00034330679068146543 -0.00043406350386631309 -0.00029160220774553558 0.0020533588532991353 0.00071208487082809321 -0.00058004762193970079 0.0037687193194003449 0.0030939201081864446 0.00031116629427179718 -7.0039589557396132e-05 -0.00098995660065186739 0.00035599817063953739 0.0029472374059356511 0.013885564169807671 0.0042443375329021364 -0.0010667013992040153 0.0010726039346299948 0.00020724740091071088 0.0016070722009647977 0.00098156835087853623 0.014093768927786085 0.00086665184159452711 0.01654600191739684 -0.00032140003669249871 -0.0004545089802417639 0.00018760922437411606 0.0031960020568059036 -0.00029192780775964101 0.013746734233961132 0.0025946974627706308 0.00090966902455469139
leaf_weight=3865 15820 7741 990 9819 3233 316 163 377 61918 5904 2916 243 23 124 155 1622 8550 21 116 35 23 21 4693 1037 18151 328 1144 29 170 4487
leaf_count=3865 15820 7741 990 9819 3233 316 163 377 61918 5904 2916 243 23 124 155 1622 8550 21 116 35 23 21 4693 1037 18151 328 1144 29 170 4487
internal_value=1.57634e-05 -0.000211277 0.000346924 0.000555925 0.000387759 0.00013576 0.000381831 0.00189093 -0.000144125 -0.000593821 0.00115629 0.000709117 0.00259435 0.00583646 0.00138526 0.00170311 0.000261599 0.00254952 0.00480362 0.0095216 0.00310345 0.00855137 0.000169702 0.00024861 0.000338881 0.000720419 0.000918317 0.00119445 0.00428048 0.00106605
internal_weight=154034 91383 62651 28747 22458 12639 9406 693 77738 13645 6289 3461 545 147 398 2828 8713 1206 216 56 160 44 33904 29211 25346 7195 6158 5014 199 4815
internal_count=154034 91383 62651 28747 22458 12639 9406 693 77738 13645 6289 3461 545 147 398 2828 8713 1206 216 56 160 44 33904 29211 25346 7195 6158 5014 199 4815
is_linear=0
shrinkage=0.05


Tree=11
num_leaves=31
num_cat=0
split_feature=0 1 8 2 1 3 4 0 5 3 5 8 10 2 3 0 1 1 5 2 0 10 3 0 2 0 4 3 0 10
split_gain=4.34795 1.16544 1.00362 0.855478 0.714128 0.701594 0.647361 0.636676 0.989001 0.579377 0.551647 0.680466 0.547506 0.54281 0.603527 0.53315 0.529964 0.510728 0.539501 0.506886 0.631266 0.831672 1.21081 1.48809 0.779106 1.05128 0.754184 0.523398 0.568041 0.599923
threshold=77.866265000000013 2599.5406895000006 -12.851458789997123 131.02047650000003 1915.0362285000003 6.0237250000000007 -1.6773349999999998 69.408200000000008 5.0128050000000011 5.0025350000000008 5.7945650000000013 -2.3201881628155117 -10.350901810721478 306.32769200000001 5.9844250000000008 75.639175689750019 2481.7390100000007 2293.6047525000004 4.1485781927350009 305.02031558250002 77.026130492000007 -18.388673177430636 5.7919050000000007 77.322925000000012 299.76231700000005 75.639175689750019 -1.4361124184799998 5.4846950000000012 74.542170000000013 17.495221127752554
decision_type=2 2 2 2 2 2 2 2 2 2 2 2 2 2 2 2 2 2 2 2 2 2 2 2 2 2 2 2 2 2
left_child=2 4 9 5 -2 -3 -4 8 -8 -1 12 -12 -5 14 -6 16 -11 18 -9 20 24 22 26 -24 -20 -26 -22 28 -21 -30
right_child=1 3 6 10 13 -7 7 17 -10 15 11 -13 -14 -15 -16 -17 -18 -19 19 27 21 -23 23 -25 25 -27 -28 -29 29 -31
leaf_value=-0.0004951592836306988 0.00057492905099347286 -1.5523050348957595e-05 0.0005312518248796308 -0.001583116464864682 7.4957287005342582e-05 -0.00071435175022381938 0.0011289616864101561 0.0095619342068121553 0.012411307252477854 0.000784167144783275 -0.0019441244258696627 0.0065580048287908243 -0.0004023615435645399 -0.00056223902538357336 -0.00020724134897489707 8.0765030655426118e-05 4.482237251726693e-05 0.00068645647278742564 0.001120931386755338 -0.00072712130963847779 0.0079680654461737038 0.0020528047530138224 0.017286476702735708 0.0050859509695631768 0.0011372976556518362 0.014012478178067665 -0.002238954231566326 -0.00029391466872149576 0.0020423147739071787 0.012786899026483299
leaf_weight=2195 4584 11484 10156 1274 49262 5225 50 20 31 8719 1341 23 4274 5168 30786 9692 3357 3420 1702 40 26 535 37 77 37 27 54 565 28 24
leaf_count=2195 4584 11484 10156 1274 49262 5225 50 20 31 8719 1341 23 4274 5168 30786 9692 3357 3420 1702 40 26 535 37 77 37 27 54 565 28 24
internal_value=4.40773e-05 -0.000115141 0.000486772 -0.000427638 -3.29382e-05 -0.00023408 0.000782707 0.00116527 0.0055456 0.000278916 -0.000895442 -0.00179606 -0.000673737 -6.56434e-05 -3.35759e-05 0.00035699 0.000578658 0.00111062 0.00156758 0.00151384 0.0018391 0.00307656 0.0058748 0.00916165 0.00132683 0.00670103 0.00113574 0.000277708 0.00375363 0.00714905
internal_weight=154213 113421 40792 23621 89800 16709 16829 6673 81 23963 6912 1364 5548 85216 80048 21768 12076 6592 3172 3152 2495 729 194 114 1766 64 80 657 92 52
internal_count=154213 113421 40792 23621 89800 16709 16829 6673 81 23963 6912 1364 5548 85216 80048 21768 12076 6592 3172 3152 2495 729 194 114 1766 64 80 657 92 52
is_linear=0
shrinkage=0.05


Tree=12
num_leaves=31
num_cat=0
split_feature=0 0 2 7 10 8 2 7 8 6 9 5 7 4 2 9 0 0 9 6 5 10 10 6 5 0 0 5 7 10
split_gain=3.55454 0.918477 1.31002 0.762019 0.600484 0.80962 0.581989 0.581457 0.537431 0.536111 0.524366 0.523168 0.663167 0.519719 0.676358 1.06283 0.589911 0.509271 0.508153 0.595866 0.495691 0.508651 0.494509 0.557985 0.97445 0.488613 0.667908 0.905939 1.036 0.816531
threshold=77.20436500000001 80.734640000000013 283.02340837800006 -11.982398716299999 1.0000000180025095e-35 -8.2165781501385009 54.14209300000001 -6.5098299999999991 -12.805004060721471 -15.181564999999997 -14.26567449230769 5.3035550000000011 -5.9640754945199985 -2.9647849999999996 92.937167500000001 -16.705730831031744 85.569133787450014 68.030055000000019 -3.6182380855243568 8.652135000000003 5.2146950000000007 -11.330396566214352 -13.279442458421505 -8.2692599999999974 5.5845050000000009 80.367530000000016 78.951100381350017 5.3970850000000015 -4.8843699999999997 -12.894543982866042
decision_type=2 2 2 2 2 2 2 2 2 2 2 2 2 2 2 2 2 2 2 2 2 2 2 2 2 2 2 2 2 2
left_child=8 3 7 6 5 9 -2 13 17 -5 20 12 -7 14 15 -3 -15 22 19 -12 21 -11 23 -1 -25 26 29 28 -28 -13
right_child=1 2 -4 4 -6 11 -8 -9 -10 10 18 25 -14 16 -16 -17 -18 -19 -20 -21 -22 -23 -24 24 -26 -27 27 -29 -30 -31
leaf_value=0.00057563881974249172 0.00051468013210579321 -0.0024409173420545729 -0.000990367759113413 -0.0009998828660510719 -0.0001340667333581192 0.002201042915025785 -0.00045859415515961096 -8.9792404053135239e-05 0.00069862742644470806 -0.00027633886533605227 -0.00017628013546764636 0.0032807361265419673 -0.00090367165250591181 -0.00023598441179075195 -0.0021235122425046992 0.0015990578522789003 -0.0010329039946119652 0.00024574747692607642 0.0015929621071480806 -0.00261112362482494 0.00061042641084877673 0.0010647641536114473 0.00027710048511048646 0.0030994138166635012 0.012758477657501186 -8.4319096812396319e-05 0.0013935580480999004 0.0028062149755906677 0.015371710109320702 -0.0013689406185728959
leaf_weight=97 1802 274 5615 882 12461 268 10375 44472 12381 3682 4543 172 476 18935 946 398 2646 20514 377 265 9989 874 236 107 34 249 23 553 31 207
leaf_count=97 1802 274 5615 882 12461 268 10375 44472 12381 3682 4543 172 476 18935 946 398 2646 20514 377 265 9989 874 236 107 34 249 23 553 31 207
internal_value=-1.92969e-05 -0.000145746 -0.000256555 2.61985e-05 0.000144574 0.000298269 -0.000314535 -0.000195653 0.000437377 0.000205489 0.000259421 0.00126402 0.000216147 -0.000398573 -0.00126263 -4.93732e-05 -0.000333736 0.000283238 -0.000172278 -0.000310995 0.000413314 -1.88912e-05 0.00190183 0.003505 0.005502 0.0018946 0.00239393 0.00342103 0.00955164 0.000744283
internal_weight=153884 120515 73286 47229 35052 22591 12177 67671 33369 20612 19730 1979 744 23199 1618 672 21581 20988 5185 4808 14545 4556 474 238 141 1235 986 607 54 379
internal_count=153884 120515 73286 47229 35052 22591 12177 67671 33369 20612 19730 1979 744 23199 1618 672 21581 20988 5185 4808 14545 4556 474 238 141 1235 986 607 54 379
is_linear=0
shrinkage=0.05


Tree=13
num_leaves=31
num_cat=0
split_feature=0 1 1 10 1 8 4 0 6 6 3 5 5 10 1 4 8 5 7 3 3 3 3 4 8 5 1 0 0 1
split_gain=3.20787 0.692417 0.617854 0.55264 0.579436 0.549752 0.656315 0.521627 0.520965 0.490837 0.584238 0.631277 1.97265 0.513648 0.496267 0.558776 0.638417 0.479197 0.909801 0.801729 0.58508 0.45947 0.612491 0.539955 1.30192 0.486258 0.518288 0.601364 0.749704 0.638999
threshold=79.55034000000002 2621.4612570000004 2789.2022415000006 6.6753213941351008 1950.7087865000003 -7.0397086646601386 -3.0907749999999994 89.996005000000011 -16.040461872199995 14.200382586300002 5.7040250000000006 6.1942850000000007 5.9270450000000006 -1.2704213849436685 2309.4977160000003 -1.5474049999999997 -4.5768107884071361 6.4161710871050008 -5.7536799999999992 5.6706450000000013 6.9177336476800013 5.8875743051600011 5.8780550000000007 -2.0849249999999997 -8.2983751103320156 5.4281250000000005 2276.2926020000004 83.93681500000001 81.580818672550024 2575.4133155000004
decision_type=2 2 2 2 2 2 2 2 2 2 2 2 2 2 2 2 2 2 2 2 2 2 2 2 2 2 2 2 2 2
left_child=2 3 -1 9 -5 6 -3 21 -8 -2 11 12 -11 14 -12 16 -16 20 19 -19 -10 22 -6 24 -24 26 -23 28 -28 -29
right_child=1 5 -4 4 7 -7 8 -9 17 10 13 -13 -14 -15 15 -17 -18 18 -20 -21 -22 25 23 -25 -26 -27 27 29 -30 -31
leaf_value=0.00031091471089724637 -7.3788097358714521e-05 -0.0015351189030489119 -0.00033740155609397293 0.00093932112891561507 -0.00026713534808124487 -0.00097513929233685858 -0.0028941198499280148 0.0072291701608760799 -0.00023771494619877488 0.0014503952799847675 -1.5190491323537996e-06 -0.0006811494873973597 0.013926630920420091 -0.0013571448206488434 0.0023726706089841768 0.00062074575536443227 0.011453033422396796 0.010636915361917602 -0.0018366039730608463 0.0020737920000272639 0.0062366220168769363 -0.0012852321047923409 0.00090329678585896129 0.00029074033335238308 0.016001047323579373 -0.0010705892327212295 0.0010273030670359732 0.0017856517026737973 -0.0012413056657122235 0.010249275631772784
leaf_weight=59059 57314 1022 3918 773 7408 4204 178 21 11769 108 214 67 44 256 42 75 36 40 83 84 34 744 38 76 22 4581 774 162 686 25
leaf_count=59059 57314 1022 3918 773 7408 4204 178 21 11769 108 214 67 44 256 42 75 36 40 83 84 34 744 38 76 22 4581 774 162 686 25
internal_value=-3.6816e-06 -0.000193735 0.000270576 -0.000126538 -0.000393802 -0.000477201 -0.000318673 -0.00046475 -0.000216553 -5.61728e-05 0.00114155 0.0033567 0.00512936 0.000358735 0.00155608 0.00372054 0.00665553 -0.000176631 0.00220246 0.00489909 -0.000218538 -0.000476378 -0.000205907 0.00310686 0.0066107 -0.000768968 -0.000190875 0.00030396 -3.87523e-05 0.00296565
internal_weight=153857 90880 62977 73466 15310 17414 13210 14537 12188 58156 842 219 152 623 367 153 78 12010 207 124 11803 14516 7544 136 60 6972 2391 1647 1460 187
internal_count=153857 90880 62977 73466 15310 17414 13210 14537 12188 58156 842 219 152 623 367 153 78 12010 207 124 11803 14516 7544 136 60 6972 2391 1647 1460 187
is_linear=0
shrinkage=0.05


Tree=14
num_leaves=31
num_cat=0
split_feature=1 8 8 1 9 9 9 4 4 1 1 1 5 3 1 7 9 3 4 2 7 9 3 5 7 8 4 3 4 4
split_gain=1.12906 0.752007 0.641943 0.666438 0.569579 0.53895 0.593427 1.39539 1.53534 1.00992 0.770449 0.842815 0.540903 0.610984 0.655155 0.841062 0.671266 0.90976 0.678123 0.602399 0.56447 0.563787 0.487338 1.84228 0.447893 0.439301 0.607673 1.0351 0.509817 0.433905
threshold=2466.5402055000004 -7.1923949391472197 -11.782920777862598 2032.4911040200002 -15.235825439393938 -16.49433547581658 -15.665791315697641 -1.2893390177849999 -1.1519299999999999 2492.7202746600005 2638.6027320000007 2524.2178460000005 5.6439617601400007 5.5254800000000008 2543.9904720000004 -5.1438799999999993 -6.1294176897007615 5.4293150000000008 -1.9846649999999999 230.62762457500003 5.1853000000000007 -12.468191227891156 4.5982082854550006 5.985145000000001 1.1683650000000003 -4.2442995799785228 -0.95382499999999981 5.4782750000000009 -2.5416699999999994 -2.6224049999999992
decision_type=2 2 2 2 2 2 2 2 2 2 2 2 2 2 2 2 2 2 2 2 2 2 2 2 2 2 2 2 2 2
left_child=2 -2 4 22 -1 -3 7 9 -9 -7 11 -10 20 14 15 21 17 18 -17 -15 24 -14 23 -4 25 26 -8 -28 -27 -21
right_child=1 5 3 -5 -6 6 12 8 10 -11 -12 -13 13 19 -16 16 -18 -19 -20 29 -22 -23 -24 -25 -26 28 27 -29 -30 -31
leaf_value=0.00039835246585580568 -9.6926042374184375e-05 -0.0014009807369695989 0.0010140937013583709 -5.5423970222560266e-05 -9.5933438433992295e-05 0.0070694337447954197 -0.00064376406983902813 0.017213664685065546 -0.00032481852580200544 -0.0018451421314643489 -0.0012344964556037807 0.012633263295696629 0.0058172752185223194 -1.3912962340680697e-05 0.00023213633359717574 0.0016185526345257779 0.00060541959052595002 0.014593190894297817 0.011880151607582103 -0.0074910449609160426 0.0034754070023969783 -0.0028761319703224934 0.00034724763464150121 0.016557794589210639 -0.0023247350478362793 -0.0055150156416281871 0.01166231442281666 0.00082725494161900817 -0.0013160059186667289 -0.0017570530990974938
leaf_weight=24665 45364 1652 144 56787 7631 36 3763 23 21 224 51 30 25 1468 453 55 47 33 22 39 76 65 9465 21 462 78 23 273 872 195
leaf_count=24665 45364 1652 144 56787 7631 36 3763 23 21 224 51 30 25 1468 453 55 47 33 22 39 76 65 9465 21 462 78 23 273 872 195
internal_value=-2.64114e-06 -0.000183401 9.87149e-05 9.80073e-06 0.000281562 -0.000576189 -0.000412547 0.00150215 0.00582079 -0.00058846 0.00310962 0.00739395 -0.00050546 0.000121291 0.00136366 0.00342958 0.00562729 0.00774821 0.00466516 -0.000390172 -0.000776833 -0.000423907 0.000394389 0.00308021 -0.000836527 -0.000698827 -0.00047206 0.0017056 -0.0016662 -0.00274053
internal_weight=154063 55350 98713 66417 32296 9986 8334 385 125 260 102 51 7949 2402 700 247 157 110 77 1702 5547 90 9630 165 5471 5009 4059 296 950 234
internal_count=154063 55350 98713 66417 32296 9986 8334 385 125 260 102 51 7949 2402 700 247 157 110 77 1702 5547 90 9630 165 5471 5009 4059 296 950 234
is_linear=0
shrinkage=0.05


Tree=15
num_leaves=31
num_cat=0
split_feature=1 2 2 7 8 8 6 7 4 8 7 3 8 5 5 2 7 1 1 4 6 4 4 4 8 4 5 3 6 7
split_gain=1.09881 0.612992 0.582939 0.773126 0.596279 0.576817 0.588814 0.570722 0.54085 0.692261 0.65543 0.571695 0.545368 0.526279 0.679043 0.919769 0.918082 0.491766 0.478173 0.917952 0.531778 0.689598 0.573815 0.508309 0.686567 0.692846 0.627226 0.619358 0.55249 0.658661
threshold=2389.8923620000005 78.378143000000009 93.684181500000008 -2.7286199999999998 -10.978130766015203 -9.0919594996311783 -9.9425449999999973 -13.582859999999998 -2.0230349999999997 -9.1273762135627532 -3.3122849999999997 6.5432850000000009 -9.8199270517524138 6.2818224923350012 6.2657750000000005 58.465719234450006 -4.9899199999999988 2649.8507330000007 2064.4034265000005 -1.8664699999999999 15.974005000000002 -2.2467649999999995 -2.5673749999999997 -1.4891162244499998 -7.243331126662226 -1.5186699999999997 5.4579850000000008 5.8151750000000009 -9.5769149999999978 -12.081209999999997
decision_type=2 2 2 2 2 2 2 2 2 2 2 2 2 2 2 2 2 2 2 2 2 2 2 2 2 2 2 2 2 2
left_child=2 5 3 13 -5 6 17 -8 9 -9 11 -10 -13 14 -1 16 -16 -2 19 20 22 -22 -4 24 25 28 -26 -27 -21 -30
right_child=1 -3 18 4 -6 -7 7 8 10 -11 -12 12 -14 -15 15 -17 -18 -19 -20 23 21 -23 -24 -25 26 27 -28 -29 29 -31
leaf_value=0.00043612664798077711 0.00018452415279384088 -0.00027574286061040932 0.00048573349013192264 0.00041620393411018788 -0.00076773236747315751 -0.00040603323128667827 -0.00015078924851542934 -6.3393273960217665e-05 0.0010711584116147009 0.0082877421341836458 -0.00056038335968466727 -0.0014194658723592475 0.0034488605377055817 -0.00044249649629623844 0.012807623992628622 -0.00018905887236109092 0.0001399210887029767 -0.00063142505394711296 -6.8868601475136968e-05 -0.0028393501804631978 -0.00050794072449207312 0.009951668959110975 -0.00051782866683727964 0.00037946529971388462 0.0064450333489697769 0.0093016314150934868 0.002056012438572842 0.0018840098808186106 0.0049481598345780791 0.00061500338360773903
leaf_weight=23505 3669 43347 2239 1717 2791 6167 4531 3357 5893 24 825 407 66 1751 40 62 22 3716 41215 105 33 29 3911 2909 109 43 320 80 93 1317
leaf_count=23505 3669 43347 2239 1717 2791 6167 4531 3357 5893 24 825 407 66 1751 40 62 22 3716 41215 105 33 29 3911 2909 109 43 320 80 93 1317
internal_value=-1.44824e-05 -0.000157128 0.000110329 0.000286536 -0.000316804 2.23056e-05 0.000139784 0.000318684 0.000519889 -1.67979e-06 0.000765081 0.000936915 -0.000734322 0.00039371 0.000455692 0.00413136 0.0083862 -0.000226077 9.82508e-06 0.000299702 -0.000105653 0.00446476 -0.000152447 0.000805663 0.001405 0.000937527 0.00318357 0.00453126 0.000642962 0.000904112
internal_weight=154293 72002 82291 29888 4508 28655 22488 15103 10572 3381 7191 6366 473 25380 23629 124 62 7385 52403 11188 6212 62 6150 4976 2067 1638 429 123 1515 1410
internal_count=154293 72002 82291 29888 4508 28655 22488 15103 10572 3381 7191 6366 473 25380 23629 124 62 7385 52403 11188 6212 62 6150 4976 2067 1638 429 123 1515 1410
is_linear=0
shrinkage=0.05


Tree=16
num_leaves=31
num_cat=0
split_feature=0 3 1 0 10 8 8 1 10 8 5 6 10 3 0 10 8 10 5 7 8 0 1 10 8 10 1 3 10 3
split_gain=2.133 0.767852 0.69013 0.639407 0.631913 0.574236 0.560747 0.89238 0.746193 0.615075 0.561316 0.552686 0.549824 0.541637 0.534305 0.610877 0.526729 0.581666 0.54803 0.515251 0.614429 0.485966 0.759075 0.735953 0.721521 0.583198 0.912112 0.557018 0.4844 0.737956
threshold=79.799975000000003 6.0085950000000006 2548.0052294350003 76.320150000000027 -33.968538430721146 -7.0893950182947369 -9.0243919084292425 1981.9824025000003 -7.0711861304602008 -8.6378097815911357 5.5684218849850007 -1.3601799999999999 -10.350901810721478 6.1770650000000007 82.847985000000008 -12.186467338946409 -8.6016971822018871 9.0436459883204616 4.390575000000001 -16.828964999999993 -11.592558428994847 83.438585000000018 2372.0000755000005 -2.3941070181818183 -3.8244406802760191 -3.9560393674246193 2359.6534205050007 5.3133350000000013 -11.101284291656691 5.3133350000000013
decision_type=2 2 2 2 2 2 2 2 2 2 2 2 2 2 2 2 2 2 2 2 2 2 2 2 2 2 2 2 2 2
left_child=3 21 6 4 -1 -4 13 9 -9 14 -11 -10 -7 -3 -8 -16 17 -5 -18 20 -19 23 28 25 -24 -2 27 -27 -23 -30
right_child=1 2 5 16 -6 12 7 8 11 10 -12 -13 -14 -15 15 -17 18 19 -20 -21 -22 22 24 -25 -26 26 -28 -29 29 -31
leaf_value=-0.00067391760899360588 0.00019767411216000419 -0.00098991424739968597 -0.00049034953566856891 0.000174812687408165 0.00047574748522664315 -0.0021013252627677644 0.0018550426841287288 0.00017634978067555476 -0.0019978492639976856 -0.00058405658081092204 0.0023891539441272137 -0.00039895758085083935 -0.00051717565792884577 -0.00022786590614059388 0.01472532250918448 0.0034836372196743338 -0.0036924838514200281 0.0025858503392729966 0.00077769119621397839 -0.00032232343734841184 -0.0006361303168672984 -0.00021664059984774953 -0.00057164883296978994 -0.00030977906404147529 0.00064132778120321043 0.0077335480124811123 0.0098139690817333758 -0.0010979508248567527 -0.001411209624433374 0.00079285306828551542
leaf_weight=1258 24392 3646 5728 26433 23651 1299 58 8356 620 284 358 4176 948 6468 23 26 69 338 3398 11282 262 4234 12539 9122 1358 22 39 79 425 3504
leaf_count=1258 24392 3646 5728 26433 23651 1299 58 8356 620 284 358 4176 948 6468 23 26 69 338 3398 11282 262 4234 12539 9122 1358 22 39 79 425 3504
internal_value=4.03421e-06 -0.000158024 -0.000353262 0.000217153 0.00041766 -0.000756236 -0.000219415 -1.33212e-05 -0.000108976 0.00166422 0.00107504 -0.000606027 -0.00143351 -0.000502648 0.00515661 0.00894932 9.76096e-05 4.41989e-05 0.000687687 -0.000246358 0.0011802 -4.5917e-05 -0.000228304 7.36397e-05 -0.00045308 0.000216217 0.00342265 0.000882701 0.000154373 0.000554141
internal_weight=154395 87704 31990 66691 24909 7975 24015 13901 13152 749 642 4796 2247 10114 107 49 41782 38315 3467 11882 600 55714 22060 33654 13897 24532 140 101 8163 3929
internal_count=154395 87704 31990 66691 24909 7975 24015 13901 13152 749 642 4796 2247 10114 107 49 41782 38315 3467 11882 600 55714 22060 33654 13897 24532 140 101 8163 3929
is_linear=0
shrinkage=0.05


Tree=17
num_leaves=31
num_cat=0
split_feature=0 3 2 1 7 0 8 0 5 1 8 3 3 8 2 6 6 8 6 1 7 8 3 3 5 6 3 3 0 7
split_gain=2.06093 0.921955 0.62042 0.822915 0.627408 0.861773 0.726569 0.739261 0.737878 0.712282 0.657332 0.603236 0.633651 0.794918 0.663167 0.625596 0.57847 0.569127 0.65105 0.63118 0.593454 0.566372 0.557519 0.64307 0.55577 0.573518 0.872787 0.550025 0.629078 0.569076
threshold=79.55034000000002 5.9844250000000008 295.80425400000007 1195.6685745000002 -8.4271499999999993 83.381355000000013 -15.701010016124867 83.024025000000009 4.5349500000000011 2171.5291311650003 -8.5262160572013794 5.4505850000000011 5.4906608234050012 -9.3616968790375932 256.30766200000005 6.2611250000000007 6.1492750000000003 -8.3367948652752428 4.0519100000000003 2587.6185995000005 -9.1672703790899988 -18.275785337869142 5.6803550000000014 5.8337062915000013 4.5606600000000013 10.684810000000001 6.0904350000000003 5.6467550000000006 78.450395000000015 -2.2947849999999996
decision_type=2 2 2 2 2 2 2 2 2 2 2 2 2 2 2 2 2 2 2 2 2 2 2 2 2 2 2 2 2 2
left_child=17 2 4 -4 -2 6 -6 11 -9 10 -7 -8 13 16 -15 -14 -13 18 19 -1 -19 -20 27 -24 -25 -26 -27 -22 29 -29
right_child=1 -3 3 -5 5 9 7 8 -10 -11 -12 12 15 14 -16 -17 -18 20 21 -21 22 -23 23 24 25 26 -28 28 -30 -31
leaf_value=0.00032746838003605159 -0.00026105379932336842 -0.00034967999898707507 0.0092273132964259107 -0.00069930589105646624 0.0074536835128027534 -0.00084394836959467319 -0.00022565030194981848 0.0080410050041973598 0.0011676985902487644 -0.00023822040583633484 0.0011496648277925321 -0.00062760865640188205 0.0004738949831058317 0.0029694125414030945 0.010699539434825702 -0.00064527817566428336 0.006486463299370371 -0.00026073826395122627 0.0050283911806645295 -9.7456775187371755e-05 0.0017591156514255865 -0.00037094245821357323 -0.0015679914273729494 0.0083436944002572167 0.00062038019044146969 0.011750007052905858 0.00033252012844269094 0.015525523861541171 0.00097505047119089542 0.0038924936882474208
leaf_weight=43181 14248 34900 20 3727 35 535 4888 39 1707 16008 1810 266 11101 286 30 1406 31 877 48 10956 1079 5571 281 25 953 29 38 22 34 21
leaf_count=43181 14248 34900 20 3727 35 535 4888 39 1707 16008 1810 266 11101 286 30 1406 31 877 48 10956 1079 5571 281 25 953 29 38 22 34 21
internal_value=4.34283e-06 -0.000147881 -2.24198e-05 -0.000643874 2.20388e-05 0.000127793 0.000356664 0.000343713 0.00132574 -0.000118992 0.000694666 0.00024843 0.000425057 0.00199333 0.00373472 0.000348039 0.000134212 0.000223909 0.000188303 0.000241474 0.000857095 -0.000323932 0.00125202 0.000551676 0.00112261 0.000937621 0.00537454 0.00205419 0.00611344 0.0100619
internal_weight=154152 91037 56137 3747 52390 38142 19789 19754 1746 18353 2345 18008 13120 613 316 12507 297 63115 59756 54137 3359 5619 2482 1326 1045 1020 67 1156 77 43
internal_count=154152 91037 56137 3747 52390 38142 19789 19754 1746 18353 2345 18008 13120 613 316 12507 297 63115 59756 54137 3359 5619 2482 1326 1045 1020 67 1156 77 43
is_linear=0
shrinkage=0.05


Tree=18
num_leaves=31
num_cat=0
split_feature=0 8 6 6 3 5 9 9 5 0 8 5 7 6 7 7 0 1 5 4 0 4 9 9 3 8 3 4 6 7
split_gain=2.21298 0.790301 0.676963 1.38345 0.969174 0.796891 0.547286 0.649125 0.567523 0.500181 0.593079 0.61858 1.45846 0.51767 0.653912 0.494318 0.612931 0.471207 0.722624 0.684488 0.632528 0.59549 0.899879 0.616096 0.806884 0.551927 0.490298 0.608114 0.487211 0.470568
threshold=78.906715000000005 -7.441551405967032 -1.4951599999999996 -2.0433795767199996 5.2418471497300017 6.5241712812750015 -33.22875812546598 -21.218483845748846 6.0301150000000012 77.142335000000017 -10.675471512195193 5.7248150000000004 -9.2457299999999982 -11.975539662849998 -2.6673399999999998 -9.3246191400299967 87.402655000000024 1960.5901463650002 5.4532707209450004 -1.9846649999999999 70.181694301200011 -2.9647849999999996 -4.2544559831565794 -7.4867947545015721 5.8736083597250008 -10.447680242522223 5.8500539108450011 -2.2467649999999995 15.974005000000002 -7.9334699999999989
decision_type=2 2 2 2 2 2 2 2 2 2 2 2 2 2 2 2 2 2 2 2 2 2 2 2 2 2 2 2 2 2
left_child=1 6 3 -3 -5 29 -1 8 9 13 -11 -12 -13 14 -8 16 -2 18 -9 21 -21 -20 23 -23 -25 -24 -19 -28 -22 -4
right_child=15 2 5 4 -6 -7 7 17 -10 10 11 12 -14 -15 -16 -17 -18 26 19 20 28 22 25 24 -26 -27 27 -29 -30 -31
leaf_value=-0.00031346945447130426 -0.00031024930999397235 0.0021547298709467416 -0.0011360394047184323 0.0043796376266982406 0.019488036969587917 0.0098299897460189349 0.00014626450670164837 -0.00018972139334388213 -0.000215039966088085 5.5532215419061593e-05 0.001036279276202156 0.014406986668861161 0.00064435201400721623 0.0010384392532219553 0.0052177284794743175 -6.7652935830077285e-05 -0.0030705099512497195 0.00021796859241493446 0.0030964948086492985 0.0080536922741094204 0.001813187889707959 3.9011008749058352e-05 -0.00087024347324456499 0.0018577489324320012 0.012948361094597551 -0.0081090803425896037 -0.001059367160137602 -2.4616304705748541e-05 0.0090530302841216326 0.0012821807117711552
leaf_weight=4127 21870 287 278 23 20 23 2876 1376 2338 5205 739 29 54 7698 64 78045 202 17813 182 45 817 754 55 77 20 50 1799 6724 23 721
leaf_count=4127 21870 287 278 23 20 23 2876 1376 2338 5205 739 29 54 7698 64 78045 202 17813 182 45 817 754 55 77 20 50 1799 6724 23 721
internal_value=1.25903e-05 0.000269872 0.00146313 0.00342877 0.01169 0.000825708 0.000239328 0.000286143 0.000514393 0.000616734 0.000252753 0.00149999 0.00556725 0.000822906 0.0002584 -0.000126739 -0.000335649 0.000140261 0.000694211 0.00129524 0.00233739 0.000483437 -1.67434e-05 0.000523795 0.00425327 -0.00436129 6.87431e-05 -0.000243126 0.00202195 0.000608779
internal_weight=154334 54217 1352 330 43 1022 52865 48738 19003 16665 6027 822 83 10638 2940 100117 22072 29735 3399 2023 885 1138 956 851 97 105 26336 8523 840 999
internal_count=154334 54217 1352 330 43 1022 52865 48738 19003 16665 6027 822 83 10638 2940 100117 22072 29735 3399 2023 885 1138 956 851 97 105 26336 8523 840 999
is_linear=0
shrinkage=0.05


Tree=19
num_leaves=31
num_cat=0
split_feature=1 6 1 2 7 3 6 7 9 9 5 7 6 10 1 3 9 5 7 10 5 9 10 9 5 6 4 3 10 4
split_gain=1.01346 0.679865 0.666361 0.757802 0.870752 0.688051 0.57525 0.531087 0.562782 0.57349 0.615842 0.528704 0.498002 0.69021 0.668656 0.738301 0.559706 0.509817 0.490741 0.487252 0.959069 0.486112 0.692451 1.00112 0.482767 0.538719 0.71084 0.485788 0.467987 0.594939
threshold=1981.9824025000003 14.200382586300002 2719.4526400000004 80.290309000000022 -2.7286199999999998 5.8829082935250012 11.623135000000003 -2.4875199999999995 -27.248118950980388 -8.0466496666666636 5.7879532788300017 4.0796300000000008 10.277279699900001 -5.6056207187499991 2052.8336670900003 5.3133350000000013 -1.9090579412699544 5.9106850000000009 3.3997497051150005 -2.3941070181818183 6.2079404642300009 -8.6791761311598723 -31.028160703918719 -10.915165925344485 6.3340998522950009 -7.170064175814999 -0.84776243258599993 4.9190300000000011 -6.0469067769974547 -1.1855457859849998
decision_type=2 2 2 2 2 2 2 2 2 2 2 2 2 2 2 2 2 2 2 2 2 2 2 2 2 2 2 2 2 2
left_child=1 6 3 4 -2 11 -1 -4 -9 10 -10 24 -13 -14 16 -16 -15 -17 -11 -19 -21 22 23 -7 25 26 27 -5 -6 -30
right_child=2 -3 7 5 28 21 -8 8 9 18 -12 12 13 14 15 17 -18 19 -20 20 -22 -23 -24 -25 -26 -27 -28 -29 29 -31
leaf_value=0.00046583187096528372 0.00027303031315876238 0.0030401354594643982 -0.00023378191219302672 0.005749295243089471 -0.00069014218116842589 0.00059306363691575832 -0.0020721726162009238 0.0020719579555157383 -0.0016340362024097996 -0.00029326738411938392 -0.005313080054430562 0.00039822238635705892 0.007026384788332507 0.00074275583804895478 -0.0034295915643025826 -0.00028631304665981648 0.011071587924379856 -0.0021444116083633464 0.0065330974500754785 0.01209718303013544 0.0019379357904976897 -0.00067574763949879548 -0.00016858236887253277 0.012084591142567141 0.00062091943683043613 -6.41648448815953e-05 -0.0016406792994147464 0.00081839058335180133 -0.00042690351092812399 0.0020920931472395493
leaf_weight=10801 37345 251 14502 50 3842 59 227 117 882 285 130 1091 67 23 81 117 30 23 28 37 61 5250 31601 27 3184 40229 303 2509 619 376
leaf_count=10801 37345 251 14502 50 3842 59 227 117 882 285 130 1091 67 23 81 117 30 23 28 37 61 5250 31601 27 3184 40229 303 2509 619 376
internal_value=1.58592e-05 0.000472125 -2.01647e-05 1.81085e-05 0.000191272 -6.80881e-05 0.000413407 -0.000324825 -0.00123963 -0.0015334 -0.00211142 5.71466e-05 0.000971304 0.00239138 0.00153998 0.000666774 0.00668603 0.00206943 0.000336259 0.00433098 0.00585702 -0.000230168 -0.000156324 0.0042983 2.69013e-05 -1.70042e-05 0.000645689 0.000916943 -0.000439888 0.000526144
internal_weight=154147 11279 142868 126924 42182 84742 11028 15944 1442 1325 1012 47805 1530 439 372 319 53 238 313 121 98 36937 31687 86 46275 43091 2862 2559 4837 995
internal_count=154147 11279 142868 126924 42182 84742 11028 15944 1442 1325 1012 47805 1530 439 372 319 53 238 313 121 98 36937 31687 86 46275 43091 2862 2559 4837 995
is_linear=0
shrinkage=0.05


Tree=20
num_leaves=31
num_cat=0
split_feature=0 2 1 10 0 8 8 10 8 6 6 0 10 5 8 3 5 9 1 3 0 1 5 0 10 1 1 1 5 3
split_gain=2.16347 1.03906 0.59881 0.494543 0.489905 0.763953 0.690663 0.883439 1.04235 0.65974 0.802853 0.782757 0.63146 0.58812 0.700887 0.538612 0.550311 0.602795 1.40718 1.55927 0.869806 0.670647 0.52721 0.501451 0.497787 0.493479 0.506536 0.844209 0.94958 0.595192
threshold=79.844740000000016 283.02340837800006 2004.6428450200003 29.378398196310716 77.430545000000009 -12.571805296167247 -11.556168933951581 -20.75630745930243 -6.3437756311775351 2.9567350000000006 1.8788800000000003 76.168762881450007 -22.144694794800497 4.9307000000000007 -10.611125861778246 5.2802350000000002 5.8089250000000012 -18.312638919678239 2245.9219405000003 5.7040250000000006 76.014380000000017 2163.7481051300006 6.4161710871050008 72.812600000000018 -25.095652564622746 2379.2349475000005 2278.8361721000006 2301.6068245000006 4.8439000000000005 4.1755046646850014
decision_type=2 2 2 2 2 2 2 2 2 2 2 2 2 2 2 2 2 2 2 2 2 2 2 2 2 2 2 2 2 2
left_child=4 -2 -3 -4 5 12 25 8 9 10 15 13 -1 14 -11 -8 17 20 19 24 -17 -21 -9 -12 -19 26 -7 28 -28 -29
right_child=1 2 3 -5 -6 6 7 22 -10 11 23 -13 -14 -15 -16 16 -18 18 -20 21 -22 -23 -24 -25 -26 -27 27 29 -30 -31
leaf_value=-0.00024267715461097949 -0.00010566165172427038 0.0010742609683835657 -0.00088257336420042806 0.0022187574944309606 7.4459525581269708e-05 0.0011807879644096084 0.00011526981184833615 5.005774442603557e-05 0.011127360918800589 0.012843196222647317 0.012685828292954036 -0.0027694943601981672 0.00033748967676597123 0.00012005908475667142 0.002081418230674197 0.0052734914827322977 -0.0013217823566009522 0.0222997641989163 0.0020776068210334956 8.530400809831918e-06 -0.00083560256209630956 0.010773815164018584 0.0025723968364328807 0.0041874508254547069 0.010428952334702693 0.00045524915609739745 0.015638620414855805 -0.0047201718196667958 0.0043648268225310489 0.0022190224018916959
leaf_weight=6541 78890 439 7060 130 31495 2025 448 6488 26 20 21 193 16568 286 56 85 88 20 218 39 180 22 213 93 21 1520 21 32 136 502
leaf_count=6541 78890 439 7060 130 31495 2025 448 6488 26 20 21 193 16568 286 56 85 88 20 218 39 180 22 213 93 21 1520 21 32 136 502
internal_value=5.87203e-06 -0.00015955 -0.000716713 -0.000826198 0.000218353 0.000344719 0.000655355 0.000395779 0.00137365 0.00122585 0.00186891 -0.000205894 0.00017327 0.00116475 0.00504348 0.00145923 0.00235238 0.00290639 0.00436407 0.00918321 0.00113638 0.00400224 0.000130605 0.00584964 0.0166127 0.00117705 0.00158068 0.00274918 0.00596222 0.00179515
internal_weight=153876 86519 7629 7190 67357 35862 12753 8517 1816 1790 1235 555 23109 362 76 1121 673 585 320 102 265 61 6701 114 41 4236 2716 691 157 534
internal_count=153876 86519 7629 7190 67357 35862 12753 8517 1816 1790 1235 555 23109 362 76 1121 673 585 320 102 265 61 6701 114 41 4236 2716 691 157 534
is_linear=0
shrinkage=0.05


Tree=21
num_leaves=31
num_cat=0
split_feature=0 8 10 8 10 0 5 4 5 6 9 10 8 3 5 5 0 10 5 8 4 9 6 4 8 10 2 9 3 8
split_gain=1.6809 0.662142 0.539378 0.537552 0.76244 0.584255 0.657104 0.905963 0.820109 0.78455 0.727443 1.52027 0.583002 0.576386 0.568001 1.05979 0.50975 0.506855 0.476297 0.579609 0.552565 0.699057 1.39795 0.460281 0.455932 0.670846 0.577302 0.546085 0.664862 0.519446
threshold=77.430545000000009 -12.437768079593239 10.938265375511717 -11.556168933951581 -14.60324086190346 77.026130492000007 5.1183050000000003 -1.8510049999999998 5.4075650000000008 -9.5769149999999978 -21.746782163043289 -7.0711861304602008 -11.29787937509222 5.398170555550001 5.6604550000000007 5.8735300000000015 75.799755000000019 -14.77340719988919 4.5606600000000013 -7.5342481421784475 -3.0575799999999993 -8.9117352395735931 0.13018000000000005 -0.40144999999999992 -5.4983890604342696 11.979059550361745 148.02664200000001 -11.634059495192306 6.5575400000000004 -3.5636453823529446
decision_type=2 2 2 2 2 2 2 2 2 2 2 2 2 2 2 2 2 2 2 2 2 2 2 2 2 2 2 2 2 2
left_child=1 16 -2 5 17 -3 -7 8 13 -9 11 -11 -6 -8 -12 -16 -1 18 -5 23 -21 22 -22 -20 26 -26 27 28 -4 -27
right_child=2 3 24 4 12 6 7 9 -10 10 14 -13 -14 -15 15 -17 -18 -19 19 20 21 -23 -24 -25 25 29 -28 -29 -30 -31
leaf_value=0.00033591765837009144 -2.1392168464551622e-05 0.00084330592195661417 -0.00013149664791853866 -0.0012344559726463408 -0.001554130812628448 -0.00010374666740304996 0.010593562777263716 -0.00034446768834078242 -0.0004874252467189075 0.021162592374254021 0.0023174442796591566 0.0031870334564397733 0.00020908746127449516 5.5321113375777544e-05 0.0154833462931371 0.0016218514354140673 -0.00014646125440500427 0.007192164320837368 0.0010417970226447304 0.01021993178622021 0.0012755880773789724 -0.0014509978035769974 0.016773005939709644 -0.0045764674547417849 -0.0041237772726532762 -0.0012352228312175438 -0.00028212089817118545 0.0041624483883479666 0.007067502478935889 0.0023579303416001621
leaf_weight=15281 94670 3045 383 228 518 168 33 41 163 24 72 23 4847 21 29 26 8535 32 2618 29 48 57 20 36 176 718 21999 131 34 116
leaf_count=15281 94670 3045 383 228 518 168 33 41 163 24 72 23 4847 21 29 26 8535 32 2618 29 48 57 20 36 176 718 21999 131 34 116
internal_value=1.63169e-05 0.000315991 -7.46669e-05 0.000617536 0.000398154 0.00112485 0.00254988 0.0035797 0.0012911 0.00587292 0.00733153 0.0126157 3.85878e-05 0.00657088 0.00529269 0.00907661 0.000163047 0.00102671 0.000959376 0.00113788 0.00411082 0.00262364 0.00601068 0.000963893 -0.000288756 -0.00132755 -0.000242166 0.0013594 0.000470976 -0.00073323
internal_weight=154121 35894 118227 12078 8433 3645 600 432 217 215 174 47 5365 54 127 55 23816 3068 3036 2808 154 125 68 2654 23557 1010 22547 548 417 834
internal_count=154121 35894 118227 12078 8433 3645 600 432 217 215 174 47 5365 54 127 55 23816 3068 3036 2808 154 125 68 2654 23557 1010 22547 548 417 834
is_linear=0
shrinkage=0.05


Tree=22
num_leaves=31
num_cat=0
split_feature=1 3 9 3 8 9 8 10 10 6 3 1 9 3 3 1 10 5 4 9 10 4 8 6 1 4 1 8 5 5
split_gain=0.806871 0.633618 0.668009 0.775023 0.673422 0.512154 0.958291 0.499855 1.25632 0.807382 0.627023 0.573182 0.483185 0.481044 1.40301 1.2479 0.521975 0.780058 1.2793 0.761312 0.720925 0.908001 0.590384 0.54689 0.519234 0.575828 0.5043 0.879934 0.469269 0.752178
threshold=1960.5901463650002 5.8875743051600011 -10.127910478131257 5.7546250000000008 -4.8471768931267212 -20.444918020236265 -6.6604069487716862 12.581501502480821 16.241585726736584 6.3731300000000006 5.7733550000000013 2364.2666670000003 -35.780331919035035 6.3791749621000013 6.3979150000000011 1785.4561700000002 -18.933979792023276 5.5531203316100006 -0.89430490413499986 -16.780672371031741 -19.268899431943716 -2.6224049999999992 -6.5423545919971806 15.974005000000002 1817.5341410000003 -3.2025299999999994 1901.1867920000002 -7.8866729250995169 6.1441450000000009 5.7879532788300017
decision_type=2 2 2 2 2 2 2 2 2 2 2 2 2 2 2 2 2 2 2 2 2 2 2 2 2 2 2 2 2 2
left_child=13 2 -2 -4 7 6 12 -5 9 -9 -11 -12 -3 16 15 -15 17 22 19 -19 21 24 -1 28 -21 -26 -16 -28 29 -18
right_child=1 5 3 4 -6 -7 -8 8 -10 10 11 -13 -14 14 26 -17 23 18 -20 20 -22 -23 -24 -25 25 -27 27 -29 -30 -31
leaf_value=-8.70615954131321e-05 0.00013132955040799825 -0.00070980422593276335 -0.0003179908496162557 -0.00016498686472528803 0.002300374036346971 -0.00027287444157801042 -0.0021744578371192514 0.0013130259305600906 -0.00023027245113464798 0.015577864460647108 0.0096489662444219013 -0.00091917203029706369 0.00012720882151993828 0.018791304200532891 0.00030974191438441203 0.0033338030192975863 -7.28941375708632e-05 0.00028634464527381323 0.01267873191806887 0.0015315496537671911 0.011753989468949538 0.001260631070757057 0.0072745801498448216 0.0034286380624284083 0.0045548963684268534 0.013443240412586445 0.0017855917949752755 0.010870176661879786 -0.0007632063970079995 0.001254742703438512
leaf_weight=996 58421 1870 17793 1650 480 41054 488 62 266 24 34 20 21976 20 674 36 4345 413 27 35 23 277 27 121 39 36 195 30 1414 1413
leaf_count=996 58421 1870 17793 1650 480 41054 488 62 266 24 34 20 21976 20 674 36 4345 413 27 35 23 277 27 121 39 36 195 30 1414 1413
internal_value=-1.97956e-05 -5.00986e-05 4.54266e-05 -0.000201434 0.000616154 -0.000165143 1.66145e-05 0.000222024 0.00179139 0.00560694 0.00896023 0.00578929 6.15434e-05 0.000411725 0.00147907 0.00908716 0.000300369 0.00104468 0.00216314 0.00180319 0.00332672 0.00279687 0.000114148 0.000109099 0.0066192 0.00894205 0.000995586 0.00303961 5.26239e-05 0.000253066
internal_weight=154259 144138 78750 20329 2536 65388 24334 2056 406 140 78 54 23846 10121 955 56 9166 1873 850 823 410 387 1023 7293 110 75 899 225 7172 5758
internal_count=154259 144138 78750 20329 2536 65388 24334 2056 406 140 78 54 23846 10121 955 56 9166 1873 850 823 410 387 1023 7293 110 75 899 225 7172 5758
is_linear=0
shrinkage=0.05


end of trees

feature_importances:
RelSpeed=86
SpinRate=77
delta_velo=76
RelHeight=68
Extension=68
delta_IVB=63
InducedVertBreak=58
RelSide=53
HorzBreak=52
delta_HB=48
spinDir=41

parameters:
[boosting: gbdt]
[objective: regression]
[metric: rmse,l2]
[tree_learner: serial]
[device_type: cpu]
[data_sample_strategy: bagging]
[data: ]
[valid: ]
[num_iterations: 2500]
[learning_rate: 0.05]
[num_leaves: 31]
[num_threads: 12]
[seed: 42]
[deterministic: 0]
[force_col_wise: 0]
[force_row_wise: 0]
[histogram_pool_size: -1]
[max_depth: -1]
[min_data_in_leaf: 20]
[min_sum_hessian_in_leaf: 0.001]
[bagging_fraction: 0.8]
[pos_bagging_fraction: 1]
[neg_bagging_fraction: 1]
[bagging_freq: 1]
[bagging_seed: 400]
[bagging_by_query: 0]
[feature_fraction: 0.8]
[feature_fraction_bynode: 1]
[feature_fraction_seed: 30056]
[extra_trees: 0]
[extra_seed: 12879]
[early_stopping_round: 0]
[early_stopping_min_delta: 0]
[first_metric_only: 0]
[max_delta_step: 0]
[lambda_l1: 0]
[lambda_l2: 1]
[linear_lambda: 0]
[min_gain_to_split: 0]
[drop_rate: 0.1]
[max_drop: 50]
[skip_drop: 0.5]
[xgboost_dart_mode: 0]
[uniform_drop: 0]
[drop_seed: 17869]
[top_rate: 0.2]
[other_rate: 0.1]
[min_data_per_group: 100]
[max_cat_threshold: 32]
[cat_l2: 10]
[cat_smooth: 10]
[max_cat_to_onehot: 4]
[top_k: 20]
[monotone_constraints: ]
[monotone_constraints_method: basic]
[monotone_penalty: 0]
[feature_contri: ]
[forcedsplits_filename: ]
[refit_decay_rate: 0.9]
[cegb_tradeoff: 1]
[cegb_penalty_split: 0]
[cegb_penalty_feature_lazy: ]
[cegb_penalty_feature_coupled: ]
[path_smooth: 0]
[interaction_constraints: ]
[verbosity: 1]
[saved_feature_importance_type: 0]
[use_quantized_grad: 0]
[num_grad_quant_bins: 4]
[quant_train_renew_leaf: 0]
[stochastic_rounding: 1]
[linear_tree: 0]
[max_bin: 255]
[max_bin_by_feature: ]
[min_data_in_bin: 3]
[bin_construct_sample_cnt: 200000]
[data_random_seed: 175]
[is_enable_sparse: 1]
[enable_bundle: 1]
[use_missing: 1]
[zero_as_missing: 0]
[feature_pre_filter: 1]
[pre_partition: 0]
[two_round: 0]
[header: 0]
[label_column: ]
[weight_column: ]
[group_column: ]
[ignore_column: ]
[categorical_feature: ]
[forcedbins_filename: ]
[precise_float_parser: 0]
[parser_config_file: ]
[objective_seed: 16083]
[num_class: 1]
[is_unbalance: 0]
[scale_pos_weight: 1]
[sigmoid: 1]
[boost_from_average: 1]
[reg_sqrt: 0]
[alpha: 0.9]
[fair_c: 1]
[poisson_max_delta_step: 0.7]
[tweedie_variance_power: 1.5]
[lambdarank_truncation_level: 30]
[lambdarank_norm: 1]
[label_gain: ]
[lambdarank_position_bias_regularization: 0]
[eval_at: ]
[multi_error_top_k: 1]
[auc_mu_weights: ]
[num_machines: 1]
[local_listen_port: 12400]
[time_out: 120]
[machine_list_filename: ]
[machines: ]
[gpu_platform_id: -1]
[gpu_device_id: -1]
[gpu_use_dp: 0]
[num_gpu: 1]

end of parameters

pandas_categorical:[]
