tree
version=v4
num_class=1
num_tree_per_iteration=1
label_index=0
max_feature_idx=10
objective=regression
feature_names=RelSpeed SpinRate spinDir RelHeight RelSide Extension InducedVertBreak HorzBreak delta_velo delta_IVB delta_HB
feature_infos=[52.214669999999998:98.376429999999999] [566.690871668:3587.4436310000001] [0.033222000000000002:359.55335300000002] [0.80191000000000001:7.6535599999999997] [-5.65489:4.4414400000000001] [3.0981510074099998:8.9300800000000002] [-20.82273:28.770587687399999] [-24.4247026197:41.301037053599998] [-35.388848170731706:3.6953007664233581] [-40.264711173506115:18.546974666666667] [-41.311120000000003:36.962010576671034]
tree_sizes=2939 2940 2925 2970 2939 2892 2931

Tree=0
num_leaves=31
num_cat=0
split_feature=7 8 6 7 6 3 4 9 1 8 8 8 3 0 0 9 4 8 0 1 1 7 8 9 9 7 7 0 5 0
split_gain=1.90416 1.52344 0.98989 1.04968 0.892813 0.696522 0.686897 0.875596 0.707247 0.981575 1.92227 0.639846 0.764314 1.15693 0.769065 0.702412 0.627163 0.696682 0.617215 1.28198 0.972342 0.581192 0.564616 0.888799 0.688834 0.579811 1.18338 0.524184 1.18974 0.524036
threshold=20.064795000000004 -6.0511215608375215 13.048925000000002 16.081450000000004 13.130145000000001 5.8896252278450012 -1.8147849999999999 2.920748673223398 1437.6362859400003 -4.5322737134831419 -5.3752626661381262 -9.8676966889490583 5.9751000000000003 84.964720000000014 89.274800000000013 -2.5088690682421975 -1.0988350307299999 -4.3048376106869517 73.854330000000019 1642.4362010000002 1600.8225595000001 15.452706526600002 -1.8808211557284549 0.79300518899374961 1.1886764172409123 11.784870000000002 9.180200000000001 76.987364687600021 5.1683650000000005 75.698840000000018
decision_type=2 2 2 2 2 2 2 2 2 2 2 2 2 2 2 2 2 2 2 2 2 2 2 2 2 2 2 2 2 2
left_child=1 11 5 4 -4 -3 21 8 9 10 -8 15 13 29 27 18 17 -2 19 20 -1 -6 23 -10 -25 26 -26 28 -14 -13
right_child=16 2 3 -5 6 -7 7 -9 22 -11 -12 12 14 -15 -16 -17 -18 -19 -20 -21 -22 -23 -24 24 25 -27 -28 -29 -30 -31
leaf_value=0.0019362990695812553 -0.0022654523891641179 -0.00054034455946093147 0.010044582886995909 -0.0027228856360857947 -0.00097672146528401233 -0.0014808528830751952 0.0014586445490083349 -0.0028884708205655987 0.0012960600771771381 -0.0021191226030310281 0.019671939891153196 0.0009052733471584726 0.011221051213515033 -0.0017971414233755841 0.0056663708217129238 -0.0024440337621196451 -0.0043821951260342744 0.0015597532557462773 -0.0014841915751952698 -0.0019503621978779911 0.013000466069418331 0.0055652699277812202 -0.0021037891804699576 0.013356405708310429 0.00061764708747368544 -0.0026121425751003333 0.015365357504423277 -0.0016313701759767159 -0.00043186150559680397 -0.00082582535984978742
leaf_weight=219 3004 6505 25 234 598 2822 32 103 673 24 26 449 23 3366 36 1886 337 123 11019 296 21 35 95 25 34 24 22 8102 253 15425
leaf_count=219 3004 6505 25 234 598 2822 32 103 673 24 26 449 23 3366 36 1886 337 123 11019 296 21 35 95 25 34 24 22 8102 253 15425
internal_value=-0.00120048 -0.00112537 -0.000610611 0.000413635 0.000841963 -0.000824904 0.000699329 0.0014783 0.00195051 0.00637055 0.00983908 -0.00126664 -0.0011291 -0.000955269 -0.00152656 -0.00154962 -0.00233564 -0.00211415 -0.00140355 0.000251759 0.00295944 -0.000604856 0.00152712 0.00197104 0.00623271 0.00385399 0.00660086 -0.00155829 0.000580651 -0.00077673
internal_weight=55836 52372 11277 1950 1716 9327 1691 1058 955 82 58 41095 27654 19240 8414 13441 3464 3127 11555 536 240 633 873 778 105 80 56 8378 276 15874
internal_count=55836 52372 11277 1950 1716 9327 1691 1058 955 82 58 41095 27654 19240 8414 13441 3464 3127 11555 536 240 633 873 778 105 80 56 8378 276 15874
is_linear=0
shrinkage=1


Tree=1
num_leaves=31
num_cat=0
split_feature=8 7 0 3 9 0 7 10 8 7 4 0 0 7 5 4 4 10 3 4 4 4 10 9 0 10 10 4 0 8
split_gain=1.81834 1.01649 0.96487 0.944027 1.00276 0.889665 1.21859 0.856606 0.800118 0.739528 0.701948 0.656745 0.654995 0.597727 1.27592 0.82544 1.3298 0.661217 0.629975 0.590431 0.534188 0.65669 0.571792 0.555481 0.54319 0.526891 0.68147 0.681864 0.821016 0.672213
threshold=-9.7967777625884747 17.424870000000002 76.306200000000018 5.9751000000000003 -11.104862044241047 74.241980000000012 13.492805000000002 -8.8399418302936699 -5.193692770315514 20.174085000000002 -0.58308999999999989 84.737400000000022 85.288145000000014 10.920893998800002 6.1980850380700003 -1.5021149999999996 -2.0194038412049999 1.4840896101019052 5.6664125556900009 -3.0144822632949997 -2.9657499999999994 -2.6426299999999996 -2.7561653321416402 -10.026005325456977 83.24030260135001 -14.422340902138332 -5.234824704819375 1.0000000180025095e-35 80.159115000000014 -6.8151749472246541
decision_type=2 2 2 2 2 2 2 2 2 2 2 2 2 2 2 2 2 2 2 2 2 2 2 2 2 2 2 2 2 2
left_child=1 -1 5 8 -5 -2 10 -8 9 12 13 25 -4 17 15 16 -15 18 -7 -13 -10 22 23 -22 -25 -6 -27 29 -29 -28
right_child=2 -3 3 4 11 6 7 -9 20 -11 -12 19 -14 14 -16 -17 -18 -19 -20 -21 21 -23 -24 24 -26 26 27 28 -30 -31
leaf_value=-0.00020216419328368703 -0.00057569361539691599 -0.0011863139655550546 0.0004151054436060959 -0.0012123060165354998 0.005538558434002484 0.002752369360666937 0.0093756844937161084 -0.00050527343921381624 -0.00058553910231823271 -0.00084418873727478869 -0.003974752026525411 -0.004073094719340308 -0.0003124260776653347 0.0064768075517824169 0.00091583493508790676 0.0036771890130780993 0.023440354495714591 0.0010018046633657916 0.0098279583158728204 0.00074663766007526547 0.013071699774540639 0.00088814692754376361 0.0019081764694551581 0.009664340209264051 0.0011273248086109999 -0.0016517478278909059 -0.00053970426071030394 0.013188908195921355 0.00078773052817651722 0.000595912009160434
leaf_weight=11693 270 3382 17952 2007 38 64 23 254 535 1539 21 64 3737 22 37 20 26 109 63 2868 22 4102 330 28 53 807 3864 20 37 1965
leaf_count=11693 270 3382 17952 2007 38 64 23 254 535 1539 21 64 3737 22 37 20 26 109 63 2868 22 4102 330 28 53 807 3864 20 37 1965
internal_value=4.63303e-05 -0.000423017 0.000219427 0.000182768 -0.000195618 0.00182932 0.00284484 0.000345941 0.000338814 0.00021458 0.00475076 1.56509e-05 0.000289744 0.00529816 0.00843282 0.0124504 0.0159562 0.00387381 0.00631167 0.000640079 0.000907832 0.0010841 0.00293409 0.00617106 0.00416026 -0.000256402 -0.000290126 -0.000103192 0.00529139 -0.000156843
internal_weight=55952 15075 40877 39968 11670 909 639 277 28298 23228 362 9663 21689 341 105 68 48 236 127 2932 5070 4535 433 103 81 6731 6693 5886 57 5829
internal_count=55952 15075 40877 39968 11670 909 639 277 28298 23228 362 9663 21689 341 105 68 48 236 127 2932 5070 4535 433 103 81 6731 6693 5886 57 5829
is_linear=0
shrinkage=0.05


Tree=2
num_leaves=31
num_cat=0
split_feature=8 3 9 0 8 7 0 7 3 9 10 0 1 9 7 10 7 0 4 1 1 10 8 5 10 8 0 7 3 0
split_gain=1.3794 1.03946 0.930217 0.844167 0.889968 0.790499 0.740451 0.666874 0.65258 0.621388 0.67804 0.722156 0.722002 0.564515 0.752912 1.00791 0.547806 0.53706 0.611001 0.53631 0.712776 0.701482 0.593043 0.531169 0.73194 0.529239 0.806604 0.589401 0.81303 1.12264
threshold=-9.4208502003903458 5.9751000000000003 -6.7870750369192505 76.16653500000001 -9.134016696470793 19.960780000000003 73.854330000000019 20.57525 5.930460000000001 -2.5088690682421975 -1.9613380099722331 73.854330000000019 1650.5562373750001 -20.724006431159413 8.1276600000000023 13.401908730532417 15.363825000000002 89.274800000000013 -1.7368027963199997 1678.1749325400003 1927.7025327550002 0.057978849088324354 -6.8959761454574169 6.1980850380700003 1.4840896101019052 -4.8971860527682258 85.383970000000019 13.958997328800001 5.6575348511750017 80.876590000000007
decision_type=2 2 2 2 2 2 2 2 2 2 2 2 2 2 2 2 2 2 2 2 2 2 2 2 2 2 2 2 2 2
left_child=5 3 7 4 -2 9 -6 17 25 10 -1 12 23 14 15 -13 19 -3 -19 -8 21 -21 -23 -12 -25 -5 27 28 29 -27
right_child=1 2 -4 8 6 -7 16 -9 -10 -11 11 13 -14 -15 -16 -17 -18 18 -20 20 -22 22 -24 24 -26 26 -28 -29 -30 -31
leaf_value=-0.00073339814384950795 0.0079716067475965238 -0.00074546790716844798 0.00015016700972327762 9.5398694304707474e-05 -0.0015548598004343215 -0.0015317160181411633 0.0020443817396521755 -0.0043544510863573541 0.0013461346005759626 -0.0010631860025997698 0.002550450871152592 0.015353557153139264 0.00023773905674093649 -8.6164460434872003e-05 -0.00078798862386440099 0.0015481124451804547 -0.00061509722448966427 -0.00022103913791047842 0.0075368385235335504 0.017415604341242993 0.0011548131247624183 0.011631798895238415 0.0003792436172564825 0.014160160412048473 0.0028047657169615074 0.0078678024790954232 -5.0212214743606286e-05 0.00064411865435365367 0.00046856077144864002 0.0023705542151203746
leaf_weight=3984 59 5125 5913 21488 140 1448 161 125 1288 2352 107 23 208 9284 50 30 91 64 41 20 38 23 23 28 29 116 1804 1181 363 459
leaf_count=3984 59 5125 5913 21488 140 1448 161 125 1288 2352 107 23 208 9284 50 30 91 64 41 20 38 23 23 28 29 116 1804 1181 363 459
internal_value=-4.56082e-05 0.000121758 -0.00028216 0.00028876 0.00221707 -0.000413107 0.0015179 -0.000759475 0.000248594 -0.000312381 -0.00018382 4.05918e-05 0.00219819 -4.51372e-05 0.00361817 0.00771253 0.00272726 -0.000672737 0.00285075 0.00387301 0.00665743 0.00976109 0.0061333 0.0046681 0.00853082 0.000192912 0.000726875 0.00138816 0.00232326 0.0034913
internal_weight=56065 38522 11268 27254 555 17543 496 5355 26699 16095 13743 9759 372 9387 103 53 356 5230 105 265 104 66 46 164 57 25411 3923 2119 938 575
internal_count=56065 38522 11268 27254 555 17543 496 5355 26699 16095 13743 9759 372 9387 103 53 356 5230 105 265 104 66 46 164 57 25411 3923 2119 938 575
is_linear=0
shrinkage=0.05


Tree=3
num_leaves=31
num_cat=0
split_feature=3 9 4 5 9 0 1 4 10 6 0 10 0 2 6 10 9 3 3 1 1 9 2 9 5 4 3 3 1 1
split_gain=0.747518 0.635755 0.616664 1.00145 0.627209 0.783068 0.627365 0.618166 0.941165 0.772348 0.762057 0.588365 0.5146 0.675695 0.632399 0.709082 0.852907 0.846142 0.686628 0.490115 0.841795 0.489981 0.928968 0.537709 0.667103 0.589177 1.72667 0.56383 0.508579 0.613369
threshold=5.4840800000000014 -6.5272394204885726 -1.9665299999999999 7.5690654945150007 -7.7954172068147303 79.594490000000022 2269.7140655000007 -2.2209899999999996 -14.422340902138332 3.3861250000000003 76.009875000000008 -5.234824704819375 82.049215000000018 233.80215150000001 10.749200000000002 4.7336780112244901 -3.6205560073910932 5.7139062290950013 5.5470900000000007 1803.8497940000004 1788.4752365000002 6.1636519586997434 202.97637854800004 -2.4276639481356681 4.4992853646700004 -0.82384999999999986 5.3316800000000013 5.4727450000000006 1353.8709695000002 1813.0454905550002
decision_type=2 2 2 2 2 2 2 2 2 2 2 2 2 2 2 2 2 2 2 2 2 2 2 2 2 2 2 2 2 2
left_child=21 2 3 7 6 11 -4 10 9 -9 -2 -6 13 14 15 18 17 -17 -3 20 -7 23 -23 28 -25 27 -27 -26 -1 -30
right_child=1 12 4 -5 5 19 -8 8 -10 -11 -12 -13 -14 -15 -16 16 -18 -19 -20 -21 -22 22 -24 24 25 26 -28 -29 29 -31
leaf_value=-0.00069965491510114598 -0.00311526305387878 -0.0033760070479720047 0.00027318552346867049 0.010081826031885364 -0.0058676231937069036 6.475387969767604e-05 -0.0010066640389864614 0.01301425212683777 -0.0013170620662469616 -0.0006825191988831475 -0.00019109544662151957 -0.0015461674907788795 0.00041644281566339695 -0.0010228748434917485 -0.00013047892164429772 0.002184553263599382 0.00013536499187228134 0.013079299560995423 0.00106162928767948 -0.0012997509194735844 0.0082447422526456659 0.010663289935506658 -0.00042517755801479024 0.0068012181436643004 -0.00072167461280256678 -0.002143415456844701 0.015940578725366368 0.0041515210464016577 0.00087108619187734613 0.00015162488517055247
leaf_weight=893 231 94 9732 21 89 1836 1061 20 2789 20 5627 645 9196 1673 5699 33 60 39 1060 761 31 32 44 31 2221 35 20 60 6378 5532
leaf_count=893 231 94 9732 21 89 1836 1061 20 2789 20 5627 645 9196 1673 5699 33 60 39 1060 761 31 32 44 31 2221 35 20 60 6378 5532
internal_value=4.42496e-05 -6.75718e-05 -0.000242161 -0.000573207 -3.84783e-05 -0.000634712 0.000147289 -0.000600122 -0.00120694 0.00631625 -0.000306917 -0.00207743 0.000156 -0.000120643 9.55686e-05 0.00109664 0.00455417 0.0081842 0.000697548 -0.000231124 0.000204917 0.000342872 0.0043215 0.000322656 -0.000369548 -0.000467578 0.00459981 -0.000591726 0.000450649 0.000536949
internal_weight=55963 40717 22863 8708 14155 3362 10793 8687 2829 40 5858 734 17854 8658 6985 1286 132 72 1154 2628 1867 15246 76 15170 2367 2336 55 2281 12803 11910
internal_count=55963 40717 22863 8708 14155 3362 10793 8687 2829 40 5858 734 17854 8658 6985 1286 132 72 1154 2628 1867 15246 76 15170 2367 2336 55 2281 12803 11910
is_linear=0
shrinkage=0.05


Tree=4
num_leaves=31
num_cat=0
split_feature=7 3 9 9 8 4 8 1 0 1 1 7 2 1 8 4 3 2 9 0 8 9 4 1 0 3 10 4 2 7
split_gain=1.22096 1.36126 0.807167 0.754186 1.22048 1.03708 0.665385 0.853146 0.776271 1.12879 0.946898 0.597149 0.723619 0.647989 0.590389 0.588888 0.574479 0.829232 0.761053 0.573751 0.718812 0.569027 0.541131 0.532441 0.59447 0.516442 0.511524 0.476654 1.19308 0.457416
threshold=19.960780000000003 5.4840800000000014 -2.9403345696611822 -6.7342463228931759 -7.6272720765667463 -1.9590043146549998 -5.5830662165914537 1554.4093737400001 80.409615000000016 1833.3186760000001 1731.9542190000004 16.342650000000003 106.41244247250002 1372.8294890000004 -1.1054267724771873 -1.0988350307299999 5.0488400000000011 277.6194000000001 -6.5811671622268602 84.32042327100001 -7.5021409170653888 -22.789574420464287 -0.76103499999999991 2068.524167 90.461955000000017 5.3002803050650007 8.9330666918782224 -2.0194038412049999 269.61506700000007 16.213490000000004
decision_type=2 2 2 2 2 2 2 2 2 2 2 2 2 2 2 2 2 2 2 2 2 2 2 2 2 2 2 2 2 2
left_child=1 2 6 5 -5 21 -1 26 9 10 -9 12 -6 -14 -10 16 17 18 -2 20 27 -3 -4 24 29 -24 -8 -20 -29 -15
right_child=15 3 22 4 11 -7 7 8 14 -11 -12 -13 13 23 -16 -17 -18 -19 19 -21 -22 -23 25 -25 -26 -27 -28 28 -30 -31
leaf_value=0.0004748599567461407 -0.0002442264560838494 0.0056988752649083513 -0.00043350031156530662 -0.00025640593749243066 -0.004995067477985113 -3.2635558415284602e-05 0.00010911722400339884 0.0055364943488634064 0.0019492761949463238 -0.001040518866714344 0.016886270655175815 -0.00034133398129314199 -0.00094108028425268536 0.0011340621773042747 -0.0029369185564036555 -0.0028088287791943403 -0.001005563145684514 -0.0030416093100211587 0.0022954359980906515 0.010027684438072386 -0.0017695369744037707 -0.00078465751436347208 0.00017749825850702251 -0.00022711051440882539 -0.0038212724251206961 0.010820777973692332 -0.0072123810872435565 0.016683537156010668 0.0017693166606477463 0.0053246527716207005
leaf_weight=8958 264 33 2458 9373 53 12973 521 69 1317 43 25 1463 486 5364 64 363 2672 119 85 30 62 7943 25 831 59 20 24 23 31 65
leaf_count=8958 264 33 2458 9373 53 12973 521 69 1317 43 25 1463 486 5364 64 363 2672 119 85 30 62 7943 25 831 59 20 24 23 31 65
internal_value=-1.62526e-05 4.56031e-05 0.000477328 -0.000105497 0.000134848 -0.000308495 0.000661403 0.00147079 0.0020797 0.00565808 0.00870103 0.000575545 0.000771162 0.000816799 0.00172087 -0.000900326 -0.000688706 0.000689585 0.0015909 0.00368021 0.00268787 -0.000757121 -0.000333117 0.000952126 0.0011307 0.00504025 -0.000225916 0.0046745 0.00830951 0.00118521
internal_weight=55816 52167 13524 38643 17694 20949 11021 2063 1518 137 94 8321 6858 6805 1381 3649 3286 614 495 231 201 7976 2503 6319 5488 45 545 139 54 5429
internal_count=55816 52167 13524 38643 17694 20949 11021 2063 1518 137 94 8321 6858 6805 1381 3649 3286 614 495 231 201 7976 2503 6319 5488 45 545 139 54 5429
is_linear=0
shrinkage=0.05


Tree=5
num_leaves=31
num_cat=0
split_feature=8 3 8 7 8 7 4 9 7 7 7 8 8 2 9 9 4 5 5 9 7 1 1 1 9 1 4 3 9 5
split_gain=1.76562 0.887581 0.780264 0.755082 0.905969 0.780159 0.853622 0.737206 0.617316 0.560146 0.755232 1.31267 0.963607 0.702796 0.6769 1.08036 0.704672 1.45293 0.63373 0.595773 0.585297 0.779773 1.0369 0.818858 0.792927 0.70366 0.557247 0.537621 0.899447 0.618664
threshold=-9.9035455135252928 5.1084500000000004 -3.6049725073206957 13.441130000000003 -7.3697964601874011 13.391545000000002 -1.4089349999999998 -4.7067752329913661 -10.142229999999998 11.139240000000001 13.340519959450001 -8.0186226885342844 -8.405626341152141 233.01885250000001 -1.5613020448939297 -6.1292804252015509 -2.2738549999999997 5.0644650000000011 6.4564950000000012 -10.582892980382743 14.338965000000002 1800.8261749200003 2001.3911075800004 1728.6580230000002 -4.0617479881356289 2114.8997145000008 -2.6293849999999996 5.9751000000000003 -11.104862044241047 6.4369500000000004
decision_type=2 2 2 2 2 2 2 2 2 2 2 2 2 2 2 2 2 2 2 2 2 2 2 2 2 2 2 2 2 2
left_child=-1 2 8 4 -3 27 7 -7 -2 -10 11 12 13 26 15 -12 -17 -18 20 -15 -19 23 -23 -22 25 -24 -11 29 -29 -6
right_child=1 3 -4 -5 5 6 -8 -9 9 10 14 -13 -14 19 -16 16 17 18 -20 -21 21 22 24 -25 -26 -27 -28 28 -30 -31
leaf_value=-0.00049452867646325308 0.0094151629727672465 -6.7905053506033908e-05 -0.0016778256387000772 -0.00012524213185265335 0.00066988019096304039 0.0043901584889681549 -0.0019332792065406758 0.015466224345500055 -0.00029875573661690858 0.0069327696152031429 0.00056737700720726363 0.0014053366888738738 0.015883567016916695 0.002754219240575497 -0.0012082192234334108 0.0013070692418901322 -0.0031867373144646703 -0.0012016934162515794 -8.2187713920383861e-05 0.014139344912736902 0.0084914997167736834 1.0547459201086639e-06 0.007193512807565707 0.020111948109808424 0.0028331378899405109 0.019962354578698674 -0.0029698051907347915 -0.00168786448238768 0.00049447634338637531 0.0020263111076567523
leaf_weight=14431 21 7754 279 21095 4117 47 30 22 665 24 1548 297 26 20 310 316 50 20 37 28 68 56 26 20 33 20 32 561 2952 1056
leaf_count=14431 21 7754 279 21095 4117 47 30 22 665 24 1548 297 26 20 310 316 50 20 37 28 68 56 26 20 33 20 32 561 2952 1056
internal_value=-1.81083e-05 0.000147448 0.00086576 7.30648e-05 0.000325992 0.000673629 0.00506519 0.00809215 0.00106237 0.00101099 0.00130815 0.00324963 0.00742024 0.00517329 0.00097591 0.00128493 0.00300084 0.00461391 0.00601326 0.00954856 0.00693791 0.00767002 0.00521927 0.0113288 0.00887201 0.0130518 0.00132133 0.000622998 0.000145592 0.000947116
internal_weight=55961 41530 3896 37634 16539 8785 99 69 3617 3596 2931 427 130 104 2504 2194 646 330 280 48 243 223 135 88 79 46 56 8686 3513 5173
internal_count=55961 41530 3896 37634 16539 8785 99 69 3617 3596 2931 427 130 104 2504 2194 646 330 280 48 243 223 135 88 79 46 56 8686 3513 5173
is_linear=0
shrinkage=0.05


Tree=6
num_leaves=31
num_cat=0
split_feature=8 10 8 0 4 10 0 9 9 10 0 5 2 0 9 4 10 6 4 2 10 5 5 10 5 5 2 10 0 6
split_gain=1.21303 0.862843 0.798344 0.850134 0.74338 1.24799 0.733471 0.689444 0.689059 0.636175 0.663815 0.632547 0.845274 0.791647 0.721662 1.11532 0.816369 0.623137 0.599727 0.5635 1.05407 0.885815 0.715459 0.549211 0.666287 0.612739 0.543112 0.540548 0.650162 0.537575
threshold=-10.656020139289096 9.0751140670945709 -4.9925402337981941 87.899430000000009 2.0318700000000005 2.425539105611128 76.662505000000024 -13.169649249340884 -12.369523713073535 2.5912449916144391 85.927579317750016 5.244573146655001 220.67640350000002 76.009875000000008 -0.14351748995639815 -1.0248149999999998 3.6149963088435375 20.984277650700005 -1.3178099999999999 122.72217297500002 -2.830641243853496 5.7021128423050014 5.8677500000000009 -1.0340479872953769 4.774890000000001 4.9424750000000008 200.49080391350003 -3.3048787924094296 77.52759084565001 11.270248350050002
decision_type=2 2 2 2 2 2 2 2 2 2 2 2 2 2 2 2 2 2 2 2 2 2 2 2 2 2 2 2 2 2
left_child=18 2 3 4 6 -6 11 -4 9 -9 -11 12 13 -2 15 -13 -16 -10 23 20 21 -20 -23 25 -25 27 29 28 -1 -8
right_child=1 -3 7 -5 5 -7 26 8 17 10 -12 14 -14 -15 16 -17 -18 -19 19 -21 -22 22 -24 24 -26 -27 -28 -29 -30 -31
leaf_value=0.012353110136261778 0.00069002345780572573 -0.00061426555865761812 -0.0013897355286315071 -0.001363572230617012 0.01456663637266805 7.3439834814053036e-05 9.4026732507621966e-05 0.0016941519930562074 0.0007815181652847564 0.01518653665325078 0.0035507228054860933 0.0010580717549216081 0.0096888357077408189 0.0091058414083604218 0.0018979892083494873 -0.0039009934183081556 0.011120922811272922 0.0077825353480875494 -0.0017353311492708313 -9.2754992329747819e-05 0.0064304640619237104 0.011829238903010264 0.0018696742897703388 -0.005874416325187432 -0.00029015297441490229 -0.0013447099087664379 0.00027206359917793498 -0.00329227571121671 0.00096959902037834292 -0.00058083065295249975
leaf_weight=22 158 3389 344 927 23 39 8645 80 5021 22 28 736 46 33 90 133 32 31 177 2164 98 22 86 53 4970 2723 21441 21 28 4479
leaf_count=22 158 3389 344 927 23 39 8645 80 5021 22 28 736 46 33 90 133 32 31 177 2164 98 22 86 53 4970 2723 21441 21 28 4479
internal_value=4.25139e-05 0.000153278 0.000214774 0.000130577 0.000169244 0.00559582 0.000159688 0.000775078 0.000919026 0.00449991 0.00886787 0.00136002 0.00367516 0.00218392 0.000803199 0.000295478 0.00438787 0.000826009 -0.000445837 0.000220426 0.00198558 0.000440018 0.00398839 -0.000662925 -0.000350233 -0.00122475 0.000117006 0.00333069 0.00612235 -0.000136317
internal_weight=56061 45697 42308 36782 35855 62 35793 5526 5182 130 50 1228 237 191 991 869 122 5052 10364 2547 383 285 108 7817 5023 2794 34565 71 50 13124
internal_count=56061 45697 42308 36782 35855 62 35793 5526 5182 130 50 1228 237 191 991 869 122 5052 10364 2547 383 285 108 7817 5023 2794 34565 71 50 13124
is_linear=0
shrinkage=0.05


end of trees

feature_importances:
RelSpeed=28
delta_IVB=27
delta_velo=24
RelSide=23
HorzBreak=23
SpinRate=20
delta_HB=20
RelHeight=17
Extension=13
spinDir=9
InducedVertBreak=6

parameters:
[boosting: gbdt]
[objective: regression]
[metric: rmse,l2]
[tree_learner: serial]
[device_type: cpu]
[data_sample_strategy: bagging]
[data: ]
[valid: ]
[num_iterations: 2500]
[learning_rate: 0.05]
[num_leaves: 31]
[num_threads: 12]
[seed: 42]
[deterministic: 0]
[force_col_wise: 0]
[force_row_wise: 0]
[histogram_pool_size: -1]
[max_depth: -1]
[min_data_in_leaf: 20]
[min_sum_hessian_in_leaf: 0.001]
[bagging_fraction: 0.8]
[pos_bagging_fraction: 1]
[neg_bagging_fraction: 1]
[bagging_freq: 1]
[bagging_seed: 400]
[bagging_by_query: 0]
[feature_fraction: 0.8]
[feature_fraction_bynode: 1]
[feature_fraction_seed: 30056]
[extra_trees: 0]
[extra_seed: 12879]
[early_stopping_round: 0]
[early_stopping_min_delta: 0]
[first_metric_only: 0]
[max_delta_step: 0]
[lambda_l1: 0]
[lambda_l2: 1]
[linear_lambda: 0]
[min_gain_to_split: 0]
[drop_rate: 0.1]
[max_drop: 50]
[skip_drop: 0.5]
[xgboost_dart_mode: 0]
[uniform_drop: 0]
[drop_seed: 17869]
[top_rate: 0.2]
[other_rate: 0.1]
[min_data_per_group: 100]
[max_cat_threshold: 32]
[cat_l2: 10]
[cat_smooth: 10]
[max_cat_to_onehot: 4]
[top_k: 20]
[monotone_constraints: ]
[monotone_constraints_method: basic]
[monotone_penalty: 0]
[feature_contri: ]
[forcedsplits_filename: ]
[refit_decay_rate: 0.9]
[cegb_tradeoff: 1]
[cegb_penalty_split: 0]
[cegb_penalty_feature_lazy: ]
[cegb_penalty_feature_coupled: ]
[path_smooth: 0]
[interaction_constraints: ]
[verbosity: 1]
[saved_feature_importance_type: 0]
[use_quantized_grad: 0]
[num_grad_quant_bins: 4]
[quant_train_renew_leaf: 0]
[stochastic_rounding: 1]
[linear_tree: 0]
[max_bin: 255]
[max_bin_by_feature: ]
[min_data_in_bin: 3]
[bin_construct_sample_cnt: 200000]
[data_random_seed: 175]
[is_enable_sparse: 1]
[enable_bundle: 1]
[use_missing: 1]
[zero_as_missing: 0]
[feature_pre_filter: 1]
[pre_partition: 0]
[two_round: 0]
[header: 0]
[label_column: ]
[weight_column: ]
[group_column: ]
[ignore_column: ]
[categorical_feature: ]
[forcedbins_filename: ]
[precise_float_parser: 0]
[parser_config_file: ]
[objective_seed: 16083]
[num_class: 1]
[is_unbalance: 0]
[scale_pos_weight: 1]
[sigmoid: 1]
[boost_from_average: 1]
[reg_sqrt: 0]
[alpha: 0.9]
[fair_c: 1]
[poisson_max_delta_step: 0.7]
[tweedie_variance_power: 1.5]
[lambdarank_truncation_level: 30]
[lambdarank_norm: 1]
[label_gain: ]
[lambdarank_position_bias_regularization: 0]
[eval_at: ]
[multi_error_top_k: 1]
[auc_mu_weights: ]
[num_machines: 1]
[local_listen_port: 12400]
[time_out: 120]
[machine_list_filename: ]
[machines: ]
[gpu_platform_id: -1]
[gpu_device_id: -1]
[gpu_use_dp: 0]
[num_gpu: 1]

end of parameters

pandas_categorical:[]
